100
2 2
0.50 0.50
4 2
0.00 0.00 1.00 1.00
3 2
0.50 0.75 1.00
8 4
1.00 0.00 1.00 1.00 1.00 1.00 1.00 1.00
4 2
0.00 0.00 0.02 1.00
16 8
0.02 0.55 0.02 0.01 0.82 0.94 0.01 0.58 0.88 0.67 0.02 0.01 0.85 0.00 0.00 0.51
16 4
0.61 0.63 0.63 0.64 0.03 0.10 0.09 0.64 0.69 0.63 0.65 0.61 0.69 0.60 0.62 0.02
16 2
0.66 0.64 0.67 0.10 0.06 0.08 0.64 0.69 0.60 0.68 0.60 0.00 0.68 0.60 0.69 0.66
8 4
1.00 0.00 1.00 1.00 1.00 0.00 1.00 1.00
4 2
1.00 0.00 1.00 1.00
16 14
0.99 0.99 0.98 1.00 0.98 1.00 1.00 0.99 0.99 0.99 0.99 0.99 0.98 0.98 0.98 0.98
16 6
0.18 0.94 0.77 0.30 0.57 0.07 0.40 0.16 0.27 0.92 0.78 0.26 0.46 0.90 0.33 0.27
2 2
0.00 0.50
4 4
0.50 0.50 0.50 0.50
3 2
0.04 0.01 0.02
16 8
1.00 1.00 0.17 0.25 0.07 0.98 0.16 0.45 0.98 0.21 0.99 1.00 0.98 0.19 0.27 0.99
8 6
1.00 1.00 1.00 0.00 0.00 0.00 0.00 1.00
16 6
0.04 0.70 0.62 0.02 0.05 0.01 0.00 0.09 0.06 0.01 0.64 0.08 0.04 0.03 0.66 0.08
16 10
1.00 0.98 1.00 0.98 0.98 1.00 1.00 0.99 0.99 0.99 1.00 0.98 0.98 0.99 0.98 0.99
4 2
0.00 0.02 0.00 0.00
8 4
0.00 1.00 1.00 1.00 1.00 1.00 0.00 0.00
16 8
0.81 0.79 0.57 0.72 0.40 0.81 0.39 0.74 0.60 0.74 0.55 0.44 0.38 0.63 0.55 0.62
16 2
0.63 0.04 0.02 0.66 0.06 0.02 0.66 0.03 0.01 0.01 0.03 0.02 0.07 0.68 0.08 0.08
16 2
0.68 0.50 0.50 0.51 0.52 0.64 0.54 0.47 0.48 0.50 0.43 0.35 0.36 0.69 0.41 0.70
8 2
1.00 1.00 1.00 1.00 1.00 1.00 1.00 1.00
16 8
0.33 0.16 0.36 0.00 0.01 0.01 0.01 0.10 0.00 0.24 0.28 0.47 0.35 0.02 0.01 0.02
16 8
0.93 0.06 0.04 0.10 0.05 0.96 0.98 0.07 1.00 0.08 1.00 0.06 0.95 0.96 0.91 0.02
8 6
1.00 1.00 1.00 1.00 1.00 1.00 1.00 1.00
16 8
0.67 0.55 0.56 0.49 0.76 0.40 0.48 0.64 0.64 0.62 0.79 0.58 0.62 0.43 0.73 0.62
16 6
0.64 0.01 0.69 0.02 0.10 0.68 0.63 0.70 0.66 0.09 0.60 0.69 0.67 0.64 0.64 0.61
16 6
0.02 0.02 0.00 0.02 0.00 0.01 0.01 0.02 0.01 0.02 0.00 0.00 0.00 0.02 0.01 0.00
16 8
0.59 0.98 0.66 1.00 1.00 0.98 0.99 0.77 1.00 0.99 0.91 0.78 0.98 0.56 0.99 0.99
16 2
0.99 0.98 0.99 0.98 0.98 0.99 0.98 0.98 0.99 0.98 1.00 1.00 0.98 0.99 0.98 0.98
16 8
0.65 0.62 0.52 0.44 0.63 0.63 0.58 0.62 0.54 0.55 0.49 0.65 0.49 0.47 0.60 0.59
4 2
0.00 1.00 0.00 0.00
12 6
0.62 0.61 0.32 0.14 0.05 0.44 0.77 0.42 0.30 0.43 0.51 0.94
3 2
0.00 1.00 0.00
16 8
0.64 0.53 0.76 0.02 0.00 0.00 0.02 0.52 0.01 0.59 0.88 0.01 0.50 0.52 0.02 0.01
16 6
0.50 0.50 0.50 0.49 0.49 0.49 0.49 0.50 0.49 0.49 0.49 0.51 0.51 0.49 0.49 0.50
12 12
0.92 0.57 0.06 0.77 0.31 0.49 0.54 0.09 0.07 0.23 0.30 0.89
16 10
0.64 0.67 0.63 0.64 0.69 0.66 0.01 0.64 0.60 0.10 0.62 0.70 0.65 0.70 0.07 0.09
16 8
0.11 0.40 0.00 0.10 0.06 1.00 0.00 0.21 0.03 0.28 0.03 0.11 0.05 0.07 0.31 0.64
16 6
0.98 1.00 1.00 1.00 0.98 0.98 0.99 1.00 0.98 1.00 0.98 0.98 0.98 1.00 0.98 1.00
8 2
1.00 1.00 1.00 1.00 0.00 0.00 0.00 0.00
2 2
0.00 0.00
8 6
1.00 1.00 1.00 1.00 1.00 0.00 0.00 1.00
16 2
0.34 0.99 0.80 0.95 0.90 0.36 0.05 0.31 0.60 0.19 0.21 0.83 0.15 0.72 0.80 0.23
16 8
0.19 0.58 0.02 0.08 0.87 0.05 0.08 0.42 0.05 0.21 0.80 0.02 0.03 0.85 0.01 0.47
16 14
0.00 0.00 0.02 0.01 0.02 0.02 0.01 0.01 0.02 0.00 0.01 0.00 0.00 0.02 0.02 0.00
4 4
0.98 0.99 0.01 0.01
16 8
0.66 0.60 0.69 0.01 0.64 0.70 0.00 0.70 0.64 0.68 0.69 0.67 0.66 0.60 0.02 0.03
2 2
0.05 0.45
16 8
0.74 0.74 0.57 0.44 0.60 0.55 0.63 0.81 0.37 0.39 0.55 0.40 0.72 0.81 0.79 0.62
16 8
0.64 0.57 0.73 0.55 0.64 0.62 0.58 0.62 0.40 0.62 0.76 0.67 0.79 0.43 0.48 0.49
16 8
0.25 0.29 0.52 0.99 0.07 0.00 0.01 0.24 0.01 0.06 0.05 0.84 0.07 0.05 0.82 0.03
16 6
0.35 0.47 0.55 0.49 0.63 0.43 0.68 0.42 0.55 0.36 0.44 0.48 0.34 0.52 0.59 0.60
8 6
0.00 1.00 1.00 1.00 1.00 1.00 1.00 1.00
8 6
0.00 0.00 1.00 1.00 0.00 1.00 1.00 1.00
16 4
0.08 0.10 0.05 0.00 0.01 0.64 0.70 0.07 0.01 0.08 0.09 0.60 0.02 0.66 0.00 0.05
16 8
0.65 0.59 0.54 0.49 0.44 0.60 0.54 0.63 0.52 0.58 0.63 0.65 0.62 0.49 0.62 0.47
4 4
1.00 1.00 0.00 0.00
16 8
0.07 0.08 0.09 0.09 0.06 0.70 0.03 0.00 0.60 0.10 0.07 0.70 0.10 0.05 0.60 0.05
16 10
0.72 0.31 0.16 0.18 0.24 0.95 0.54 0.06 0.23 0.06 0.57 0.33 0.00 0.05 0.38 0.77
16 14
0.59 0.55 0.49 0.49 0.18 0.63 0.06 0.43 0.77 0.63 0.32 0.28 0.26 0.66 0.41 0.74
3 2
0.30 0.50 0.80
4 2
0.01 0.98 0.01 0.99
12 2
0.77 0.10 0.60 0.93 0.59 0.16 0.90 0.96 0.01 0.48 0.81 0.42
16 8
1.00 0.97 0.94 0.97 0.07 0.99 0.95 0.98 0.02 0.09 0.08 0.07 0.06 0.98 0.04 0.09
3 2
0.10 0.80 0.50
16 10
0.10 0.61 0.02 0.08 0.68 0.01 0.07 0.08 0.01 0.07 0.67 0.10 0.09 0.06 0.02 0.61
16 10
0.49 0.51 0.49 0.49 0.51 0.49 0.51 0.50 0.49 0.49 0.51 0.49 0.51 0.50 0.50 0.51
3 2
0.50 0.40 0.60
16 10
0.29 0.43 0.55 0.49 0.48 0.42 0.25 0.60 0.45 0.35 0.59 0.34 0.43 0.51 0.57 0.33
16 12
0.08 0.04 0.01 0.69 0.02 0.69 0.07 0.08 0.60 0.01 0.05 0.05 0.00 0.03 0.02 0.69
8 2
1.00 0.00 1.00 1.00 1.00 0.00 1.00 1.00
2 2
1.00 1.00
16 8
0.75 1.00 1.00 0.95 0.93 0.98 1.00 1.00 0.78 0.88 0.73 0.90 1.00 0.98 0.98 0.75
16 8
0.13 0.15 0.01 0.00 0.01 0.00 0.02 0.07 0.27 0.11 0.02 0.30 0.02 0.49 0.00 0.02
4 2
0.00 0.00 0.00 0.00
8 2
1.00 1.00 1.00 1.00 1.00 1.00 0.00 1.00
8 4
1.00 1.00 1.00 1.00 1.00 1.00 1.00 1.00
4 2
0.00 1.00 0.98 1.00
3 2
0.50 0.50 0.50
16 8
0.49 0.55 0.49 0.43 0.59 0.51 0.55 0.52 0.59 0.48 0.67 0.55 0.49 0.45 0.52 0.60
16 10
0.01 0.00 0.02 0.00 0.02 0.00 0.01 0.02 0.02 0.00 0.01 0.00 0.00 0.00 0.01 0.00
16 10
0.33 0.49 0.43 0.59 0.55 0.52 0.35 0.60 0.29 0.42 0.34 0.25 0.43 0.45 0.48 0.57
2 2
0.00 1.00
16 2
0.02 0.00 0.02 0.02 0.02 0.02 0.00 0.02 0.00 0.01 0.00 0.00 0.00 0.01 0.00 0.00
16 14
0.08 0.03 0.04 0.69 0.10 0.06 0.02 0.64 0.05 0.66 0.07 0.03 0.04 0.70 0.00 0.03
16 10
0.47 0.46 0.39 0.60 0.60 0.47 0.42 0.56 0.54 0.48 0.31 0.37 0.57 0.69 0.36 0.62
16 2
0.51 0.49 0.49 0.50 0.50 0.51 0.51 0.51 0.51 0.49 0.49 0.50 0.49 0.50 0.51 0.50
16 8
0.39 0.47 0.21 1.00 0.24 0.10 0.98 0.03 0.98 0.98 0.31 0.16 1.00 0.99 0.99 1.00
16 14
0.58 0.35 0.31 0.57 0.56 0.30 0.54 0.53 0.42 0.48 0.40 0.63 0.46 0.48 0.42 0.33
16 8
0.97 0.07 0.92 0.97 0.06 0.05 0.08 0.94 0.01 0.96 0.00 0.94 0.00 0.94 0.03 0.93
16 14
0.50 0.49 0.49 0.50 0.50 0.51 0.50 0.51 0.49 0.50 0.51 0.51 0.50 0.51 0.50 0.49
16 8
0.49 0.44 0.52 0.55 0.60 0.67 0.55 0.51 0.55 0.49 0.52 0.45 0.48 0.59 0.59 0.49
8 4
1.00 0.00 1.00 0.00 1.00 1.00 0.00 0.00
16 14
0.65 0.64 0.67 0.69 0.00 0.69 0.60 0.69 0.07 0.67 0.65 0.70 0.65 0.06 0.63 0.01
16 12
0.60 0.65 0.09 0.63 0.61 0.61 0.08 0.10 0.67 0.70 0.10 0.61 0.67 0.62 0.68 0.61
8 2
0.00 1.00 1.00 0.00 1.00 1.00 0.00 1.00
