100
4
2 3 4 1
4
3 3 4 1
4
3 3 4 3
10
7 8 10 10 9 2 9 6 3 3
10
2 3 1 10 3 5 6 7 8 9
144
3 112 1 48 128 56 70 51 44 13 33 75 7 47 139 133 8 25 23 71 77 82 9 14 18 135 119 38 41 40 99 26 138 78 137 134 107 11 69 62 2 102 113 9 139 45 86 104 96 20 8 69 119 111 80 58 78 87 28 143 63 40 51 5 26 37 6 43 23 29 61 110 96 35 101 132 125 125 143 124 91 22 108 140 123 78 122 115 143 109 81 24 76 82 124 44 96 92 84 45 30 144 54 10 21 55 117 121 141 12 67 2 142 124 143 4 16 85 27 95 53 87 82 60 77 100 73 118 18 72 135 130 138 78 114 77 103 133 21 17 83 88 60 90
20
3 11 4 18 19 18 20 10 12 8 16 9 8 15 18 4 9 15 20 7
502
272 100 189 194 327 370 152 362 386 447 234 368 387 436 423 139 97 437 16 297 131 255 75 21 319 198 419 106 81 83 299 399 235 391 306 320 266 13 96 182 57 115 482 138 213 311 236 24 8 137 127 33 145 469 267 290 94 316 413 490 37 4 42 252 215 168 172 107 25 425 150 225 241 128 466 123 166 383 378 485 205 119 116 356 43 89 334 85 323 73 48 159 335 79 390 95 464 342 71 91 2 359 493 455 287 468 108 476 185 72 352 380 244 429 76 118 278 44 487 231 129 341 249 130 298 263 371 443 435 142 257 49 296 461 426 217 124 140 12 39 261 242 88 494 502 20 379 343 285 442 401 51 269 54 498 384 30 262 41 69 178 330 338 351 15 486 92 492 163 230 29 484 295 141 415 318 32 206 475 121 292 367 232 315 440 328 439 403 149 363 239 463 6 445 254 109 481 470 26 161 451 74 424 448 256 87 281 82 114 276 340 240 147 364 223 243 157 312 479 46 135 325 477 354 422 133 93 293 332 18 195 253 28 307 170 103 472 357 196 70 84 365 210 209 36 480 220 457 222 270 375 228 78 211 9 111 465 382 258 200 344 177 174 418 314 59 110 411 63 418 373 284 66 126 218 27 56 279 473 122 305 288 90 190 52 309 420 259 11 203 406 17 496 202 402 274 414 400 369 350 407 489 282 101 377 247 393 454 38 326 347 246 348 226 143 427 45 64 333 431 181 428 308 62 173 396 353 302 227 500 60 459 219 201 184 433 199 438 432 374 40 462 300 148 179 248 453 216 446 98 229 233 102 55 410 483 134 68 488 50 444 35 132 31 273 474 67 449 164 61 346 280 192 310 151 175 381 188 329 167 286 458 283 136 324 394 495 337 146 1 3 460 301 416 204 501 294 452 349 10 430 409 113 58 197 289 156 336 171 467 5 271 191 47 358 221 65 478 303 238 14 155 321 86 53 441 153 251 497 313 186 260 398 395 366 125 331 77 388 23 417 224 22 322 275 360 162 355 80 264 160 361 250 105 412 187 158 392 169 304 104 456 212 214 404 434 176 376 112 372 405 193 421 268 317 385 265 237 19 245 183 408 117 144 180 99 277 34 499 165 207 154 291 345 389 471 397 491 120 208 339 7
10
10 7 1 2 6 9 2 7 10 5
870
777 511 766 246 163 323 411 862 90 656 100 274 113 244 472 423 37 570 561 75 629 18 682 438 581 799 747 294 136 159 181 443 411 78 751 695 658 747 570 366 777 824 629 837 98 472 330 676 448 281 79 862 281 212 762 632 821 802 717 617 524 375 266 133 316 33 148 144 671 633 178 316 794 218 760 77 438 829 629 490 724 588 200 752 111 400 650 81 603 9 122 49 477 53 683 511 718 445 764 113 95 614 377 556 516 320 556 41 233 228 342 734 58 39 213 100 197 823 806 12 720 91 377 648 589 805 832 269 553 487 102 16 442 507 618 171 512 482 800 51 821 853 96 65 92 318 183 469 455 329 519 778 322 189 9 266 531 495 597 154 512 608 703 17 722 853 237 700 187 141 431 452 636 55 786 40 757 55 132 743 457 240 746 802 499 636 376 261 852 241 810 823 767 118 102 691 198 554 674 383 520 815 44 413 499 140 592 457 801 557 174 158 201 213 520 414 722 851 17 515 263 480 854 78 79 83 378 357 617 671 492 788 352 299 432 178 807 802 798 651 220 415 855 622 465 840 836 415 407 715 310 305 80 191 387 726 108 123 834 813 569 251 661 121 766 237 775 445 141 557 43 361 671 390 829 867 155 440 159 552 567 103 783 19 516 28 472 200 294 819 815 523 105 388 74 800 111 210 38 20 281 324 220 464 182 109 662 360 560 305 743 440 210 260 350 384 699 771 158 343 268 812 689 758 367 358 252 475 17 678 207 504 587 706 405 215 270 557 697 552 809 323 362 268 135 664 254 634 711 168 167 670 558 869 518 765 858 616 258 661 460 827 585 73 842 841 608 282 255 95 678 422 179 229 465 233 488 382 372 574 31 329 33 583 298 587 847 661 779 545 456 614 596 795 11 124 753 591 610 163 184 416 616 173 660 761 798 808 317 318 755 663 594 354 692 557 535 551 268 446 440 504 449 63 395 701 785 728 462 88 572 347 412 732 241 157 580 445 368 743 496 188 257 25 618 472 144 539 748 156 432 524 425 445 198 396 351 338 149 410 366 381 287 847 122 417 53 375 237 184 198 825 13 676 412 622 241 755 427 804 840 842 303 722 852 479 158 385 290 705 427 855 217 380 540 244 293 551 265 430 617 386 817 638 508 758 486 50 326 260 58 121 135 699 817 358 243 222 25 31 859 794 175 420 774 373 734 823 276 246 585 820 628 192 200 91 197 145 20 379 826 78 260 817 506 584 772 748 838 266 265 252 30 551 755 374 503 186 674 237 358 384 625 831 553 857 65 788 229 563 552 141 666 502 2 447 194 831 575 437 25 475 857 794 179 410 419 42 445 139 305 180 397 3 308 77 32 236 359 391 541 292 868 639 726 103 43 191 827 734 42 153 521 564 92 36 645 129 552 92 15 808 833 721 83 442 58 22 439 652 234 9 363 870 614 396 117 523 661 486 202 444 510 122 524 631 418 173 376 829 399 392 406 345 829 787 502 759 735 374 481 498 104 95 705 178 92 113 90 510 656 214 540 107 212 349 679 770 574 133 816 706 35 333 369 284 419 619 868 159 157 362 228 463 211 390 280 383 467 108 416 13 689 37 121 28 845 7 362 792 131 649 387 205 441 10 728 578 263 848 79 143 662 231 645 119 467 345 84 851 809 142 631 585 443 655 802 475 92 819 254 533 66 293 425 808 121 44 555 132 783 685 152 645 833 632 750 315 800 475 206 682 321 275 54 675 274 836 687 391 586 339 95 452 849 201 860 366 518 218 5 517 206 32 80 307 205 566 499 2 563 437 649 792 334 730 251 655 181 793 112 296 709 505 347 598 275 634 518 780 572 779 453 362 742 224 751 79 401 732 552 697 491 381 297 808 320 583 808 27 414 844 367 728 749 321 262 631 91 284 779 676 463 577 546 444 567 613 672 778 114 3 230 461 741 754 152 456 127 502 81 151 622 585 195 447 51 433 842 775
100
14 50 57 61 91 99 82 89 25 56 83 11 14 92 20 38 86 42 8 52 53 85 76 19 41 15 78 17 61 77 19 58 65 40 98 48 60 84 46 68 22 69 58 66 21 59 67 12 47 94 48 73 32 79 18 33 76 7 70 63 9 87 35 33 1 62 91 37 54 31 10 38 44 88 39 55 81 2 23 9 6 93 28 97 100 51 96 98 39 51 27 71 45 49 21 20 77 34 72 29
200
62 55 95 200 197 65 136 84 120 97 147 92 180 168 51 151 194 145 56 148 90 59 86 178 131 25 198 150 96 14 182 48 55 107 27 65 77 152 95 79 138 106 86 72 92 10 19 61 13 131 23 25 199 5 168 150 197 100 187 41 192 13 104 69 26 139 108 163 178 77 64 20 101 12 113 65 109 163 28 2 73 161 199 44 126 106 75 35 39 24 48 38 69 41 40 89 69 127 21 146 59 173 107 41 124 198 79 150 178 144 23 161 2 34 199 37 149 85 73 23 84 78 1 36 197 10 21 26 47 173 143 188 159 180 62 197 116 112 37 34 130 74 158 158 73 199 87 180 13 28 76 29 159 104 34 1 110 40 162 45 40 119 61 192 30 191 89 190 48 73 162 137 35 173 48 104 114 104 158 95 175 119 133 43 196 45 21 166 38 78 114 101 153 69 148 51 13 44 1 72
546
467 216 49 174 272 294 258 147 93 539 460 406 488 399 267 191 84 261 264 400 103 133 274 510 232 178 151 229 476 377 380 456 302 253 194 73 143 21 537 470 204 496 487 251 305 331 79 522 433 472 165 242 39 397 160 401 184 3 423 524 447 527 107 105 351 235 497 383 528 265 333 117 158 241 240 321 175 328 214 478 297 378 514 461 218 502 197 180 420 323 6 345 535 439 223 458 365 62 314 281 350 414 388 188 48 489 167 340 477 341 153 96 306 474 91 542 493 412 55 228 532 58 109 24 327 312 506 504 83 445 292 466 293 370 171 135 102 155 389 418 173 94 30 499 127 518 41 526 315 369 260 503 536 426 15 219 296 373 170 481 199 100 92 348 255 410 342 114 202 519 211 263 220 486 515 512 35 375 540 405 326 356 172 212 346 363 386 206 106 40 465 330 318 448 108 271 134 269 64 364 67 163 353 196 517 546 368 319 34 231 51 286 303 543 275 19 276 72 156 335 81 120 95 500 45 291 27 182 244 195 298 300 10 352 66 442 144 277 434 391 464 33 317 336 505 230 236 164 402 126 416 355 110 436 136 507 152 179 97 113 513 451 316 435 4 239 304 427 343 361 407 5 28 210 68 176 36 256 344 284 90 98 112 409 44 516 213 157 183 511 545 324 22 140 2 374 14 104 525 452 372 501 313 444 530 270 205 287 86 538 70 457 311 484 425 289 404 60 347 354 508 8 428 181 459 495 308 531 16 485 320 226 358 360 217 82 85 480 169 246 209 99 150 279 187 254 438 521 189 101 53 248 162 46 498 222 491 193 403 441 227 128 393 25 224 490 322 443 139 250 249 77 76 523 61 20 13 273 381 185 349 366 80 7 440 339 215 38 198 65 12 282 437 544 387 124 47 390 529 411 357 431 299 243 449 359 367 177 446 203 376 118 233 371 280 285 295 415 50 483 201 1 225 74 257 509 121 166 116 132 137 283 42 492 417 31 186 56 422 385 424 247 338 168 130 115 122 408 88 468 362 469 482 245 533 329 145 301 59 37 398 221 9 259 32 262 142 18 200 11 394 419 87 471 462 266 78 278 379 252 384 453 89 63 192 125 307 190 382 479 208 29 268 237 430 520 421 207 494 334 123 309 149 131 454 473 395 238 154 396 534 541 450 146 432 57 43 111 159 26 234 161 288 71 75 148 392 332 475 325 52 337 455 290 463 129 17 310 413 119 141 429 54 138 69 23
20
14 14 16 5 11 9 6 17 8 7 9 10 10 9 17 11 13 16 9 7
51
17 8 40 11 22 39 9 30 33 24 43 28 36 32 2 46 42 3 37 35 50 44 34 12 41 14 25 41 4 16 29 47 26 31 1 51 15 48 20 49 28 45 21 13 40 49 27 23 18 38 10
400
28 123 367 54 213 253 179 127 86 83 316 169 372 176 98 155 38 108 43 151 170 154 296 312 295 368 206 225 221 282 307 366 265 256 306 234 284 9 30 145 332 338 321 110 46 271 74 11 388 326 389 249 223 323 33 239 227 8 261 125 113 114 222 42 192 57 175 237 138 39 259 82 195 111 341 13 337 351 247 302 164 393 5 264 333 379 187 273 204 233 220 75 178 260 344 272 267 226 324 112 348 29 94 347 65 137 202 184 352 248 286 106 319 16 190 181 400 203 251 311 361 397 383 390 208 118 141 289 79 61 191 102 242 200 53 357 236 14 301 107 354 188 104 395 334 394 362 45 146 244 370 67 364 299 2 157 189 24 41 6 212 291 68 17 115 172 380 163 318 73 70 325 230 131 207 343 26 96 97 336 209 71 52 322 183 399 143 174 340 327 91 270 49 122 382 262 142 20 78 329 373 369 292 360 288 21 385 162 279 167 139 4 211 37 363 374 171 241 22 19 210 290 384 283 215 197 23 130 214 185 258 177 120 266 15 34 346 309 129 44 304 27 310 182 278 330 350 263 103 232 375 117 353 238 64 12 216 305 153 85 235 105 58 10 339 50 27 186 109 285 168 159 201 165 135 126 149 140 359 398 77 281 199 136 152 358 133 268 18 100 297 150 345 245 303 320 381 90 342 218 121 224 254 308 314 277 242 280 252 128 387 313 119 36 72 269 365 48 300 298 76 378 228 376 62 386 89 59 294 276 274 180 156 349 391 158 60 1 219 93 144 88 205 196 47 231 161 81 148 331 3 229 217 287 255 99 160 31 134 396 392 198 147 69 66 328 101 7 240 335 56 124 257 25 84 40 166 87 356 243 246 32 51 35 193 355 63 250 116 317 377 132 194 55 275 315 95 80 173 293
1000
436 717 168 665 142 90 271 399 803 671 723 349 388 602 719 972 912 866 261 949 315 237 34 939 428 188 756 982 969 502 701 157 721 23 798 488 262 606 993 466 504 369 65 99 915 646 64 841 648 151 165 753 945 780 195 905 757 773 862 400 132 858 229 211 273 864 497 623 194 707 85 677 687 662 744 518 868 373 496 479 26 375 280 988 71 474 967 434 224 597 796 326 696 861 860 368 150 633 372 485 921 786 894 334 391 3 946 762 476 575 920 129 975 1000 879 774 196 792 994 856 525 695 857 553 608 811 932 629 112 411 955 61 410 839 758 264 987 158 490 433 645 5 346 161 941 840 797 464 181 966 22 818 489 452 763 363 32 736 725 384 886 826 202 74 414 570 425 686 160 578 765 965 706 979 299 582 185 620 584 293 954 230 201 909 177 587 475 751 508 453 910 251 572 69 55 117 263 290 559 666 47 163 20 387 362 307 537 77 903 825 44 948 492 817 470 291 472 511 365 589 166 698 265 654 667 520 794 371 63 182 959 691 813 781 252 481 754 495 940 692 513 968 709 303 283 419 358 360 924 598 192 246 313 746 335 184 274 528 88 215 19 37 197 138 223 417 605 890 337 70 557 382 560 257 702 778 650 636 991 871 652 641 689 615 311 604 734 462 693 198 626 896 180 340 190 282 766 305 175 86 581 295 244 515 477 401 206 103 722 446 285 461 253 741 820 204 406 259 404 42 389 661 380 713 870 92 688 405 579 222 449 884 767 787 255 301 205 999 519 127 836 873 816 296 429 845 41 902 516 540 523 232 847 498 622 510 837 81 284 437 731 260 156 785 219 914 668 638 97 642 228 925 78 546 82 630 563 6 13 323 812 1 708 550 846 394 596 236 344 469 105 574 849 656 164 524 628 483 8 60 306 821 934 319 328 424 936 444 594 133 130 25 752 863 460 867 367 759 769 447 568 729 614 685 562 543 937 14 345 808 779 737 140 430 901 907 330 908 682 804 697 551 539 408 644 635 420 929 331 619 828 609 379 735 441 791 566 456 512 241 312 288 618 266 603 40 353 732 109 200 935 217 538 298 187 93 533 911 80 118 942 395 398 624 755 986 690 36 153 139 148 213 679 827 238 79 67 354 530 534 670 30 859 121 672 208 830 189 183 957 218 144 639 956 304 593 51 784 339 226 287 663 351 318 800 743 730 258 24 499 458 544 747 320 997 11 207 473 443 176 853 169 426 532 522 374 655 352 491 15 442 637 728 548 906 944 978 272 199 531 970 50 297 981 985 457 733 113 771 392 848 193 852 919 649 916 953 170 415 106 500 943 455 179 555 838 186 210 220 748 917 660 154 409 876 39 231 880 350 152 149 761 465 286 267 38 21 125 607 854 720 664 883 928 583 542 760 463 450 178 576 355 621 484 990 585 775 897 517 376 927 877 98 790 832 278 552 964 541 740 833 802 270 445 141 46 676 467 250 277 976 281 895 580 547 114 669 699 788 592 128 878 136 431 4 814 225 989 45 501 10 505 104 451 96 647 72 842 493 776 855 439 971 882 302 963 73 327 872 885 435 240 289 843 122 521 923 875 658 823 31 275 269 983 888 173 347 383 221 834 891 824 324 980 338 749 2 738 892 611 33 309 898 390 159 772 135 359 422 527 361 468 567 124 421 146 432 440 961 640 314 68 526 75 600 254 599 590 716 805 850 413 806 487 308 27 57 674 247 617 565 108 155 529 171 348 333 12 506 899 300 726 58 377 627 992 459 276 938 54 234 783 782 703 998 102 889 659 933 634 243 343 947 777 448 91 147 35 111 657 952 727 9 558 750 770 996 256 294 926 126 922 233 930 831 835 214 509 829 616 402 321 119 712 478 162 494 973 819 700 815 887 904 710 16 341 357 586 134 869 203 678 694 900 248 385 43 571 393 950 865 573 795 610 536 120 984 62 503 95 94 396 89 66 851 18 416 962 742 325 110 995 342 893 718 595 632 554 115 480 977 17 822 332 322 403 366 705 143 268 711 745 874 918 653 958 59 507 116 844 454 167 209 245 56 960 601 438 556 191 329 591 931 545 378 316 123 356 715 974 101 724 386 249 53 810 631 7 239 397 913 76 789 49 471 407 427 588 549 681 145 951 768 675 216 107 793 212 364 569 227 801 577 28 131 514 48 482 809 764 739 680 336 370 172 412 87 242 29 561 683 799 292 695 613 651 881 643 174 714 564 310 704 381 83 486 137 84 122 625 279 612 418 684 52 807 535 235 423 673
873
663 707 255 162 618 716 172 635 513 214 859 29 528 218 198 13 204 436 467 372 287 472 659 272 313 205 25 500 235 824 432 385 92 426 852 41 844 32 490 556 60 850 179 445 189 543 571 828 352 121 476 380 787 81 598 83 30 329 819 523 506 562 169 354 628 71 752 644 124 397 326 521 664 794 72 790 444 408 15 720 708 364 12 89 733 182 540 27 507 710 591 334 206 80 504 594 746 157 411 759 466 743 185 118 662 727 341 307 441 652 296 576 669 43 285 318 171 714 333 553 696 55 378 440 398 284 454 680 671 686 142 208 324 503 479 85 344 24 407 201 256 62 582 482 203 464 183 847 388 721 469 311 832 373 225 768 295 414 555 294 626 871 745 297 148 56 252 857 673 88 617 28 362 45 771 188 649 8 741 392 545 667 494 689 394 839 728 351 766 670 547 713 245 806 825 156 533 730 869 174 387 9 10 799 867 44 868 726 785 269 438 275 780 452 653 244 782 427 406 280 449 568 486 113 77 526 358 580 616 117 194 429 110 217 384 715 264 829 226 114 75 264 399 447 737 566 698 126 106 484 622 263 601 430 337 66 51 399 93 661 78 250 683 133 478 270 560 535 336 803 498 7 315 786 249 833 246 260 519 520 588 612 425 234 573 293 357 320 584 210 26 862 35 674 301 820 508 224 109 197 801 798 463 679 412 421 446 253 529 153 435 57 259 831 136 369 38 18 453 530 355 661 330 69 558 564 773 50 395 613 33 202 845 541 189 396 5 147 381 187 36 575 514 111 168 368 300 86 827 227 751 65 586 428 442 371 420 11 181 756 19 607 593 726 98 574 750 604 325 303 146 841 712 327 37 596 298 58 267 175 157 322 23 237 261 116 82 747 391 125 16 30 624 700 754 306 343 764 160 489 682 251 677 99 701 723 641 349 550 386 260 145 199 95 164 559 758 597 753 610 572 335 735 138 647 120 132 770 734 379 339 810 705 4 377 724 826 468 774 630 456 2 158 815 129 719 637 640 448 279 348 1 323 135 570 492 531 236 76 243 534 122 46 350 375 565 783 769 216 658 718 409 229 40 195 738 365 693 524 424 858 127 755 646 459 154 14 840 290 778 152 660 817 416 67 167 603 451 96 403 356 536 695 61 177 654 104 772 455 620 639 870 115 415 704 180 200 633 823 684 797 744 144 853 196 258 87 268 697 497 537 792 777 579 781 784 312 854 739 134 108 401 151 477 233 212 190 266 709 353 505 729 775 527 74 487 79 209 563 473 512 237 648 589 762 258 241 567 68 605 305 291 763 392 842 94 615 703 717 128 694 340 650 631 807 433 91 779 423 608 338 627 21 811 413 332 5 277 767 70 522 569 629 578 816 59 502 192 809 434 111 161 345 760 150 491 437 159 166 600 702 812 636 207 855 788 761 685 326 802 838 546 102 800 774 231 402 247 439 731 308 450 422 621 367 346 140 495 585 222 282 419 614 213 722 765 532 49 335 105 501 742 586 808 191 283 493 676 851 173 830 480 837 623 691 176 805 314 638 360 137 757 100 462 376 288 873 602 609 687 656 418 864 404 791 344 675 516 22 599 193 228 651 163 374 544 748 178 101 668 254 552 112 265 52 331 248 643 711 611 866 583 834 485 457 364 316 681 458 139 510 155 286 3 165 143 130 861 276 319 274 295 119 239 511 17 595 488 515 849 517 382 433 590 461 64 219 366 186 63 460 804 796 465 538 400 474 554 825 740 149 560 539 578 223 31 20 97 257 678 749 131 232 818 813 822 551 672 772 699 789 577 390 84 843 304 328 310 230 271 289 363 569 299 54 776 736 405 499 238 725 242 475 184 309 393 337 846 302 240 220 53 706 470 34 141 262 417 821 431 692 359 856 803 581 90 666 860 642 342 542 592 281 863 361 211 625 273 71 645 525 42 688 278 39 410 548 561 793 496 471 795 835 634 814 383 657 48 769 47 619 509 836
871
69 87 630 356 577 161 624 417 813 585 38 659 848 114 329 856 519 550 136 314 494 461 59 658 1 426 541 109 120 373 571 750 438 160 725 692 434 720 628 644 679 107 152 172 254 230 310 181 196 165 93 47 72 229 213 336 805 787 520 409 64 542 33 14 690 65 97 490 363 379 554 746 9 860 433 605 333 327 641 429 724 379 368 804 3 852 345 833 569 734 374 580 182 707 846 257 817 686 123 456 355 839 219 370 853 414 436 386 656 717 864 776 55 266 714 234 446 816 230 476 298 597 531 180 702 538 306 718 208 829 211 731 262 49 578 10 460 281 696 640 125 587 110 506 472 868 747 710 488 651 118 313 646 454 289 785 607 215 791 253 753 92 277 716 411 543 96 547 27 206 146 273 169 606 388 869 706 240 222 325 127 74 85 129 362 285 574 701 207 513 92 427 755 568 84 599 41 601 537 316 601 505 15 347 563 242 192 198 137 376 465 98 532 788 602 260 397 711 604 555 492 783 739 127 745 76 844 648 841 408 435 415 89 444 671 685 775 218 399 867 392 503 678 6 309 819 296 766 859 751 619 338 809 82 337 217 226 328 501 353 224 778 157 315 621 339 767 764 233 67 770 599 295 627 562 866 618 759 361 729 375 304 179 94 567 650 57 780 681 572 861 45 66 102 594 286 423 90 334 195 821 485 470 540 837 499 318 826 525 101 453 103 384 326 464 16 551 221 581 168 366 410 721 402 811 417 371 147 814 463 774 854 647 320 343 139 148 175 204 603 661 364 691 322 44 451 629 144 558 612 790 760 723 202 741 858 732 105 132 275 634 294 305 737 158 220 212 808 312 61 526 170 191 762 186 131 135 510 386 348 138 71 493 223 268 665 590 248 258 441 271 256 34 438 851 8 106 623 367 293 274 20 86 828 156 669 335 579 190 697 28 227 827 674 561 477 8 412 171 68 516 689 781 174 269 252 523 576 330 849 529 677 668 311 24 2 344 660 822 116 265 642 440 40 264 236 37 560 862 60 11 632 509 284 584 779 534 95 187 420 126 782 91 475 73 467 123 237 430 620 684 422 613 457 130 324 270 695 484 666 83 798 713 246 249 502 812 726 365 667 450 145 712 19 536 663 609 830 299 622 553 756 342 247 617 63 56 332 99 870 842 396 719 390 586 535 768 458 30 800 528 111 140 482 530 636 112 675 469 437 267 608 108 302 404 573 163 773 803 300 431 263 794 797 708 122 173 591 7 183 33 394 17 799 166 143 301 439 203 511 291 733 4 288 742 836 758 473 184 162 752 235 588 682 855 36 43 796 119 845 514 432 835 78 823 167 153 54 279 197 763 250 443 672 736 383 497 583 158 705 384 400 481 128 416 670 582 570 496 79 709 48 728 487 593 124 838 545 245 181 722 831 625 380 683 142 728 403 518 777 176 504 455 468 820 360 194 26 244 727 818 405 413 331 491 12 346 115 225 389 687 119 307 738 280 600 559 596 795 631 340 200 25 34 715 401 442 865 664 261 5 524 349 744 824 810 735 557 699 489 154 13 447 358 673 871 633 372 149 283 771 556 792 512 50 589 843 117 863 209 515 35 228 46 424 352 566 18 784 350 391 282 834 290 449 319 241 425 486 649 743 214 703 462 321 564 832 480 231 323 653 21 467 585 357 159 382 806 385 255 259 495 698 393 638 772 652 459 407 517 203 507 598 657 238 662 544 151 635 533 419 354 448 201 466 530 150 765 134 39 317 77 639 704 615 58 793 700 23 637 754 205 815 88 823 359 730 801 627 857 398 75 121 292 654 548 789 29 297 694 655 445 80 164 786 22 478 452 527 645 210 676 81 565 769 825 406 381 62 276 377 664 479 155 552 42 133 693 216 500 232 840 272 595 437 32 51 303 100 177 592 757 251 178 113 611 761 185 740 378 483 847 610 474 749 70 688 15 369 680 575 614 748 498 52 193 243 162 549 308 341
128
69 97 96 12 89 85 125 35 113 14 127 36 20 105 127 113 40 17 38 13 57 56 64 114 108 111 33 41 37 68 125 49 10 16 64 121 19 19 67 50 98 87 98 124 69 105 13 74 94 123 126 10 36 43 61 42 119 27 95 53 55 61 87 57 106 64 9 86 45 33 62 12 68 108 96 123 76 93 78 16 57 92 65 123 50 128 96 27 64 5 12 71 67 43 51 38 67 27 11 13 50 44 43 64 98 91 53 84 102 94 26 111 65 100 48 60 63 85 29 105 72 105 84 67 49 68 15 86
320
93 307 303 289 258 18 272 275 246 2 123 69 6 169 37 286 40 118 21 107 52 290 90 269 6 103 72 261 189 108 287 94 45 44 124 239 198 112 279 158 13 236 144 7 134 231 288 292 204 198 58 71 213 209 307 274 79 312 242 117 83 121 87 168 72 307 172 192 273 272 33 198 143 17 216 73 173 260 90 2 201 14 25 51 305 38 157 218 225 292 169 169 32 15 26 285 94 244 315 7 95 73 278 273 99 66 316 203 64 263 164 210 294 299 299 188 190 123 270 79 208 278 62 146 105 130 132 25 231 121 154 122 131 107 173 191 112 290 299 116 121 303 76 296 52 195 145 295 199 103 97 125 271 106 162 261 200 256 87 140 138 74 317 28 309 254 9 181 50 65 309 212 240 303 207 72 254 46 220 232 291 214 282 258 247 9 23 31 210 35 217 214 34 223 136 252 64 283 54 68 62 243 215 133 193 64 101 83 265 85 167 295 116 16 185 142 117 155 264 300 226 279 252 249 271 200 111 21 51 26 261 98 49 133 97 267 88 34 282 251 71 243 221 160 259 9 101 207 99 1 298 180 216 202 61 88 245 40 62 264 204 247 267 218 140 36 308 284 282 23 17 113 196 121 58 253 46 203 95 198 262 240 250 303 72 63 290 59 174 232 125 152 47 191 119 281 217 210 60 294 176 84 4 320 36 52 28 282 208 241 289 51 53 239 187 228 203 126 47 50
101
39 14 8 6 87 79 91 42 95 97 54 90 60 13 43 86 35 28 50 12 76 70 83 82 51 34 57 89 24 36 99 67 20 69 95 58 78 100 11 74 22 81 92 68 32 71 7 15 38 80 46 3 23 30 27 40 2 45 33 16 19 56 75 65 88 84 78 85 1 10 59 73 25 61 66 87 4 18 49 31 47 48 52 27 77 101 29 72 44 62 41 64 53 63 94 57 35 24 26 38 5
160
85 88 68 27 62 25 131 140 113 54 158 52 119 2 97 138 152 19 91 94 60 40 11 99 5 9 89 100 110 82 42 93 134 18 123 71 8 23 15 83 153 106 50 146 133 117 86 135 87 4 114 156 141 56 132 127 44 139 32 80 101 107 57 148 90 96 41 109 144 13 16 64 1 20 30 22 105 74 59 77 157 49 112 145 149 24 136 51 21 17 65 130 116 70 81 147 151 144 122 73 29 26 123 84 124 142 133 111 120 36 63 126 55 12 137 61 53 72 33 104 10 160 102 129 78 69 115 14 37 3 152 92 100 108 154 150 66 58 95 6 128 125 34 31 47 41 75 48 38 39 143 121 76 35 26 79 117 43 156 118
50
45 6 24 2 50 18 11 35 35 5 15 43 18 44 37 6 27 11 21 40 14 39 37 2 3 18 25 13 27 6 37 34 50 30 15 10 5 31 25 38 25 41 46 33 18 48 40 20 8 16
100
70 59 85 97 62 21 64 1 8 54 18 6 58 49 57 72 5 24 10 33 6 6 7 97 72 10 46 52 99 63 75 36 98 37 1 89 59 80 86 58 82 88 68 81 38 95 14 68 3 42 92 100 35 11 62 78 61 48 66 83 83 13 69 87 12 93 54 33 31 14 95 38 76 23 91 25 35 84 71 79 29 27 73 23 44 17 63 41 34 53 51 39 28 56 92 71 32 15 94 50
1000
896 474 763 413 397 351 540 322 403 496 492 578 298 506 1000 931 127 567 828 613 311 173 352 16 402 622 379 179 530 505 832 944 653 846 990 576 702 319 563 104 426 811 234 778 18 162 473 374 445 2 83 312 912 787 803 882 256 975 365 744 43 890 951 51 560 454 847 240 708 606 164 196 392 168 407 50 493 80 609 646 449 295 820 930 46 157 538 518 502 25 228 575 918 53 73 689 604 734 802 695 491 260 239 698 932 632 603 79 749 214 934 137 465 153 282 863 172 77 684 648 249 637 217 894 253 399 850 206 15 74 870 513 469 607 692 978 949 310 222 910 916 895 904 514 956 549 457 716 616 705 410 345 859 989 99 19 849 908 481 175 986 429 116 405 371 694 261 34 340 891 750 900 420 245 680 381 504 201 11 163 220 733 360 440 559 545 856 109 815 674 427 120 915 385 557 765 355 441 387 323 696 677 861 723 592 602 611 68 325 482 129 401 594 591 419 921 984 55 207 346 113 598 147 98 438 771 266 472 59 675 703 373 190 185 672 668 800 947 235 435 988 202 768 20 822 335 47 305 681 152 503 292 555 294 52 564 937 341 369 30 868 510 612 100 722 615 718 138 8 810 415 945 878 522 865 600 275 354 357 753 954 451 304 93 22 619 5 814 326 84 645 423 58 584 979 398 808 115 751 590 987 515 999 395 651 377 200 791 40 542 224 446 809 288 356 86 133 580 31 628 428 736 683 525 786 636 49 532 151 924 247 700 258 903 229 344 199 741 44 219 556 625 60 221 774 208 136 784 23 370 447 213 241 597 524 886 824 216 400 479 867 283 317 251 358 150 494 119 601 536 453 69 643 639 621 386 713 836 296 789 618 306 997 490 156 727 742 372 647 799 338 366 982 969 875 664 795 477 4 841 122 177 75 9 583 290 300 178 796 293 974 467 191 348 464 780 665 263 452 709 631 471 332 876 1 952 641 48 534 544 281 124 480 862 188 633 456 548 126 380 38 448 303 745 973 160 553 350 552 455 416 459 21 638 907 747 579 144 433 807 485 154 42 297 421 804 885 170 659 244 754 226 462 33 45 406 873 101 461 254 197 539 938 957 714 349 488 430 843 91 470 378 707 227 28 962 463 661 528 950 711 547 121 487 439 558 10 276 313 793 264 135 758 204 81 215 941 855 845 118 64 935 620 864 391 806 248 308 925 140 443 520 823 893 993 717 898 408 756 678 967 965 801 267 7 739 970 676 193 848 27 171 735 724 852 740 610 731 757 917 626 649 743 746 102 382 593 82 581 686 259 187 252 752 851 218 330 960 783 833 605 697 142 617 437 458 501 834 794 586 654 211 497 719 41 769 546 980 265 343 394 577 169 444 920 62 574 523 764 70 342 57 291 905 572 56 658 748 17 770 180 869 67 299 431 844 693 961 271 968 108 879 13 123 762 840 883 854 347 336 550 29 909 772 517 782 286 384 901 94 966 61 71 32 328 792 790 551 422 871 72 412 939 321 141 897 666 959 926 476 388 777 936 874 728 712 568 237 866 315 827 181 316 837 543 776 361 566 860 640 279 985 110 436 106 884 450 797 117 383 128 821 788 816 143 963 35 324 933 243 483 92 339 655 805 818 508 889 812 519 192 146 489 785 652 585 195 134 570 103 223 425 280 710 484 54 107 516 701 184 277 929 442 608 125 819 278 158 478 486 630 114 36 981 596 367 561 78 359 24 946 233 198 76 624 922 839 679 182 589 682 262 411 246 495 511 268 872 737 976 642 554 720 337 301 671 203 314 242 105 569 726 409 614 257 899 663 232 595 842 130 183 656 270 289 760 629 475 948 877 673 773 826 667 541 902 830 14 161 527 12 285 761 85 274 729 670 37 881 971 155 781 650 831 390 189 690 468 414 95 166 236 498 995 273 231 942 759 507 623 953 499 533 687 225 375 996 148 111 738 96 320 376 755 3 838 362 186 272 364 858 269 943 353 333 766 588 139 112 327 688 404 662 432 309 329 89 529 892 466 434 940 230 887 417 983 880 205 87 775 691 210 212 627 813 825 991 906 927 393 829 334 725 88 582 919 318 159 964 923 992 512 853 194 418 424 90 911 571 66 998 509 287 994 657 634 531 307 145 238 363 65 460 63 635 149 537 955 526 368 767 284 331 660 599 835 669 721 500 573 699 958 798 913 857 389 167 732 131 704 730 977 817 26 779 302 562 521 914 250 39 565 209 255 715 176 165 132 587 972 97 706 685 6 535 928 644 888 396 174
573
322 75 498 296 358 376 345 102 435 128 15 447 230 101 431 42 20 220 559 463 290 209 312 233 226 393 338 175 430 340 479 361 328 352 341 190 449 453 426 529 333 9 82 511 509 448 294 555 495 488 38 91 390 131 374 262 56 278 570 307 44 446 553 141 103 92 528 295 176 458 248 10 418 314 2 544 306 565 342 383 326 414 424 500 569 76 474 256 566 530 513 386 371 315 422 191 515 481 12 349 318 8 146 490 330 301 242 444 110 460 62 344 419 117 136 397 240 253 168 546 522 503 402 384 492 467 107 356 72 409 74 113 535 47 140 273 218 425 219 51 39 26 309 359 476 173 279 354 36 285 57 124 260 106 558 50 134 440 180 335 178 43 363 127 95 334 404 303 416 494 378 407 52 459 108 143 337 276 4 445 126 222 381 355 497 202 531 239 210 269 485 412 320 331 417 182 387 573 98 512 367 304 504 138 366 177 466 48 420 189 540 266 148 564 321 30 166 6 14 554 125 567 524 169 496 267 270 313 213 22 370 118 562 196 534 319 316 112 120 73 470 288 259 135 400 362 389 271 23 324 83 542 55 489 556 520 284 195 53 158 115 228 541 347 399 557 3 332 277 201 391 229 86 171 174 308 268 58 165 547 237 194 486 394 436 160 471 523 250 5 350 183 67 501 157 150 161 207 164 257 187 379 398 64 130 163 385 392 258 17 552 249 516 172 179 281 231 377 427 69 548 81 214 484 41 360 438 87 561 105 151 452 305 217 396 7 428 16 441 216 439 551 200 145 451 68 482 59 411 336 29 572 506 369 510 129 473 25 272 236 133 477 211 246 311 93 13 186 144 317 85 263 475 232 255 415 139 247 560 121 88 37 280 152 365 545 568 368 499 480 329 413 525 300 192 286 204 119 527 203 265 442 437 167 109 468 78 526 96 94 532 357 297 245 464 224 193 274 19 408 292 197 538 251 122 388 287 49 364 241 472 373 455 46 66 536 77 549 465 153 339 243 299 28 215 507 539 403 410 461 291 238 298 432 89 351 21 421 156 405 283 71 563 137 543 244 289 406 323 456 1 32 97 380 60 149 493 79 31 159 162 147 212 181 517 450 208 483 487 104 443 24 429 54 34 325 221 457 114 84 502 346 116 533 401 353 198 188 375 252 61 99 65 35 395 478 225 234 261 348 518 33 491 264 142 227 505 293 571 90 154 100 199 40 11 382 275 80 550 434 18 184 514 519 27 508 423 123 327 343 223 454 254 155 63 45 537 372 132 302 462 185 310 469 170 433 521 282 205 70 235 206 111
873
657 222 597 97 641 26 272 442 552 31 336 606 718 738 426 488 665 184 578 659 786 342 611 554 322 341 266 400 548 844 499 609 165 278 749 175 367 163 839 292 685 382 141 36 810 216 8 213 114 832 715 92 196 285 153 687 21 711 719 728 479 127 34 724 242 551 827 746 290 120 353 387 271 708 568 592 811 692 743 203 313 617 287 146 349 392 265 729 752 714 44 575 249 104 776 569 473 483 673 239 403 526 666 107 65 660 238 83 480 39 28 503 332 819 807 811 108 356 256 577 401 458 576 307 530 608 750 542 310 800 357 843 161 497 89 857 649 360 6 364 376 73 363 131 619 780 13 427 314 33 283 137 440 80 612 166 354 229 658 20 245 447 397 233 654 625 105 845 870 277 756 518 227 431 764 411 550 173 495 388 740 172 676 304 829 454 409 725 443 559 69 777 663 260 677 627 823 77 334 121 653 484 316 359 378 506 198 871 449 445 240 594 588 293 713 489 690 596 524 37 598 537 139 373 766 204 702 817 589 281 721 822 212 47 219 434 684 101 510 734 835 795 599 602 214 779 475 344 860 754 405 872 614 438 760 135 261 838 251 95 296 88 768 273 136 324 78 352 419 63 61 98 533 640 17 187 164 531 125 297 315 626 269 863 452 781 416 833 535 188 150 122 415 439 814 621 15 637 757 797 113 106 847 66 603 337 493 859 607 170 253 604 385 720 11 523 793 465 53 252 791 116 291 701 268 688 792 634 450 815 673 305 181 556 805 481 151 834 623 234 18 455 282 250 148 532 99 418 770 444 404 398 527 414 628 294 70 311 873 745 299 346 133 638 343 85 407 100 424 91 51 180 620 476 365 511 583 126 565 593 645 769 459 319 461 303 111 75 130 571 169 391 237 96 50 632 585 516 145 744 801 195 567 86 448 308 25 628 683 595 517 574 681 439 504 119 755 680 134 739 629 284 142 761 225 682 836 211 152 74 215 441 487 753 581 482 67 226 60 732 664 84 62 412 22 470 528 762 370 758 294 406 555 541 644 154 9 410 224 763 231 90 246 849 238 737 64 128 679 670 59 697 809 467 751 394 502 735 302 643 283 437 466 160 717 646 825 58 248 522 72 782 102 457 270 205 610 14 46 784 799 291 389 865 254 413 210 727 326 616 820 689 824 408 851 258 639 23 840 830 472 7 736 496 553 338 350 177 264 325 556 140 821 867 228 731 156 462 826 241 543 144 564 818 726 421 802 185 155 147 705 331 286 573 1 251 853 143 174 837 54 747 698 816 668 329 669 850 765 190 377 492 529 52 808 456 642 486 737 179 671 117 347 183 193 613 490 514 848 789 831 157 655 635 662 358 176 501 474 582 355 76 804 707 2 433 123 695 323 235 716 733 425 557 178 586 534 339 630 647 189 618 652 868 48 481 519 80 463 208 71 3 584 615 866 274 521 374 869 580 806 787 364 244 172 723 395 491 579 862 633 656 230 436 709 138 678 785 772 55 199 243 861 699 371 605 579 236 561 672 162 335 120 197 650 351 49 280 508 132 42 494 465 149 87 158 601 428 451 790 30 320 562 852 194 159 643 538 841 362 324 218 118 453 112 182 460 35 345 591 171 94 56 5 32 560 81 298 209 402 778 509 667 661 93 856 545 651 366 383 186 306 420 604 566 10 361 417 734 563 773 539 855 590 815 103 200 202 422 771 110 636 471 759 764 587 544 546 570 43 730 600 223 572 547 206 375 115 513 257 624 536 622 317 701 515 255 372 288 29 477 333 192 348 464 399 748 712 207 259 507 82 846 500 741 221 16 323 12 722 788 328 232 864 775 828 700 217 312 390 478 798 379 19 12 45 693 858 276 309 275 79 648 706 262 191 485 168 429 468 247 842 696 520 774 446 368 478 512 549 295 27 175 279 794 301 691 4 220 812 767 330 109 432 686 263 430 327 540 498 703 384 381 318 796 525 854 694 201 710 505 38 182
50
16 32 45 6 1 26 30 9 18 43 35 44 22 9 11 42 32 39 11 29 18 19 1 31 41 7 24 8 2 23 47 27 36 25 50 13 34 34 3 36 44 6 46 10 49 38 20 17 28 40
3
3 1 1
53
13 9 45 22 24 18 52 15 27 37 51 42 33 35 36 2 10 7 1 3 23 51 40 30 19 6 5 25 31 24 21 4 46 47 22 48 49 11 28 30 8 17 20 26 43 43 44 32 38 16 14 20 41
20
19 9 4 20 12 10 20 1 1 20 8 17 8 6 7 15 18 2 11 8
320
224 125 102 40 303 101 27 63 43 85 275 4 294 104 258 1 310 277 136 261 117 120 181 271 279 254 238 231 220 234 314 196 65 113 91 80 73 101 7 93 275 174 278 216 171 195 29 37 267 73 289 255 90 48 198 45 183 140 116 125 192 225 26 274 296 1 154 55 90 92 6 5 317 252 200 15 232 267 154 215 253 165 88 79 86 307 75 53 217 112 73 299 111 95 114 276 78 144 246 295 107 22 237 172 298 9 128 284 93 145 202 19 210 206 315 84 265 115 101 188 209 31 235 92 250 286 76 47 205 107 11 174 295 240 227 203 170 182 26 281 308 203 239 288 241 230 200 133 111 209 292 284 1 131 89 231 158 39 180 192 214 144 31 36 260 13 127 105 206 301 28 190 223 118 148 229 242 46 287 141 138 256 251 187 267 167 62 82 320 135 19 49 97 142 66 174 175 213 308 58 89 71 23 172 238 31 120 200 178 235 265 304 287 266 155 38 54 26 87 68 204 65 249 17 117 248 176 106 30 183 96 212 320 129 222 188 184 85 196 225 34 244 168 87 21 283 260 231 61 271 166 255 137 186 88 159 306 56 162 168 262 80 235 110 59 126 280 64 69 289 239 285 177 18 293 228 133 254 170 264 306 314 221 81 77 70 12 237 268 234 277 56 98 300 273 173 119 5 152 20 114 280 272 3 294 270 99 311 93 125 252 185 304 161 121 311 183 30 232 313
100
31 25 48 98 8 27 52 84 45 99 78 24 60 63 86 57 62 3 77 72 75 95 2 20 39 28 87 55 13 74 11 79 7 82 66 91 32 50 51 90 16 9 46 12 68 41 69 100 34 56 5 17 71 1 64 4 21 15 92 93 53 43 83 49 19 73 96 76 36 59 14 38 65 88 70 47 10 6 35 42 40 94 54 44 89 81 85 23 33 80 67 37 58 18 61 26 22 4 30 97
50
28 26 32 9 10 43 23 28 22 5 29 38 5 11 22 25 3 28 29 4 6 15 7 41 16 2 13 8 19 16 40 50 48 32 43 40 27 12 48 38 39 8 35 2 35 25 30 39 14 32
1000
519 719 974 582 100 467 71 603 601 602 576 401 794 284 382 254 683 496 244 661 503 179 442 641 643 499 630 691 767 206 740 153 586 466 607 82 502 524 399 441 204 419 24 951 577 324 531 79 262 372 367 719 429 970 369 815 276 423 438 472 129 931 881 870 584 660 903 349 229 515 7 598 698 550 941 191 827 567 944 978 133 36 907 201 223 835 144 928 516 627 2 487 456 128 655 138 923 906 277 673 290 919 437 508 668 990 153 256 645 482 838 278 168 487 735 199 721 561 560 587 104 890 695 915 548 659 829 526 61 199 702 711 81 633 455 344 225 96 381 494 217 310 210 423 470 601 177 741 510 800 421 442 729 102 151 610 176 261 566 917 698 818 914 430 858 8 212 113 588 787 732 621 248 468 559 666 147 646 872 342 477 806 350 802 49 549 921 200 116 549 178 888 679 338 546 979 262 738 121 188 84 673 242 711 62 30 62 307 458 143 9 559 687 198 480 608 141 328 3 511 761 772 85 406 137 977 821 130 69 679 999 786 531 265 722 985 810 966 454 657 43 203 41 19 656 547 697 173 434 50 734 101 731 603 738 840 563 631 675 432 459 32 48 380 234 918 647 581 311 280 354 799 705 520 415 57 99 112 49 270 261 729 436 14 304 525 831 236 236 671 17 558 733 123 912 151 957 212 170 325 848 930 856 285 704 920 208 801 341 142 269 650 1 329 974 453 997 519 548 565 614 393 425 46 170 990 411 218 314 632 998 981 738 90 919 175 63 194 886 752 60 180 754 496 528 15 653 477 68 183 421 571 543 271 804 312 522 532 484 671 703 662 912 934 638 617 51 750 55 298 590 950 751 589 947 312 169 774 912 264 665 213 409 784 727 766 578 642 539 586 125 724 262 15 884 445 635 361 39 477 12 700 983 569 851 224 790 654 383 877 549 982 526 428 275 17 104 803 422 701 564 738 878 541 323 600 553 414 53 164 868 260 634 249 498 283 228 59 737 708 662 932 698 159 396 189 161 793 949 134 948 492 485 239 135 93 623 891 713 40 488 474 125 858 723 798 666 325 895 145 758 735 705 327 508 892 539 289 837 562 809 110 612 359 627 92 713 379 328 889 442 452 334 140 728 799 770 296 846 839 561 37 21 161 540 853 570 228 73 149 220 796 527 811 564 89 922 466 846 274 744 703 663 38 2 335 513 345 611 506 281 358 155 365 583 146 92 193 207 834 424 961 353 294 824 195 246 393 3 74 645 294 427 788 918 42 943 292 372 119 872 40 267 860 320 273 78 651 404 507 376 613 986 629 828 544 45 387 896 799 268 4 535 65 745 931 949 576 374 371 498 876 370 736 778 842 855 72 931 166 485 10 667 973 911 940 35 950 963 156 529 483 572 321 662 845 366 564 499 953 172 768 460 633 699 908 596 563 574 27 258 330 663 348 397 711 151 531 904 773 327 388 647 518 713 563 912 669 822 840 568 190 347 408 95 245 240 894 126 66 393 334 882 874 937 468 863 105 62 857 622 937 919 475 259 681 562 389 197 867 676 531 457 743 73 641 34 79 326 466 28 985 992 749 603 737 247 944 625 647 420 131 488 305 254 862 34 440 816 972 341 235 319 955 866 599 960 812 158 661 603 60 382 392 897 586 3 261 381 847 253 489 202 251 514 594 522 464 964 31 148 289 684 521 585 841 995 832 694 144 373 845 968 343 984 340 880 471 967 139 221 16 991 927 335 386 29 197 106 497 987 222 640 378 370 523 402 595 942 193 230 946 674 384 836 232 680 554 879 423 909 487 161 13 533 348 936 328 309 150 308 987 418 355 501 182 875 601 549 237 115 718 933 102 56 709 601 834 893 468 227 649 170 545 865 912 77 575 127 994 287 748 878 87 86 785 20 111 500 666 746 956 958 913 588 273 730 301 854 267 555 720 118 849 390 303 805 662 622 552 712 706 363 362 825 690 756 431 178 376 633 146 544 664 523 592 410 929 789 757 869 151 591 395 106 339 474 192 490 122 858 476 819 658 469 579 725 833 363 939 926 783 67 639 723 98 859 626 791 475 123 638 844 163 124 680 160 325 671 306 187 517 586 162 170 901 764 88 954 302 873 811 813 364 962 797 26 442 136 606 807 779 557 866 750 782 375 451 798 956 44 398 620 667 714 752 297 843 976 717 542 935 609 739 52 238 759 753 566 54 171 710 604 762 312 959 226 80 196 485 332 412 403 755 199 9 537 474 474 346 763 693 650 830 747 556 317 331 231 790
400
386 150 102 65 193 54 320 143 195 160 378 293 250 196 218 269 157 350 276 300 51 232 359 149 357 163 71 13 219 116 53 364 246 118 166 282 251 147 27 283 4 108 26 371 329 310 59 338 112 380 62 5 394 154 313 325 78 209 2 247 155 316 204 236 278 49 60 321 365 341 274 130 24 37 121 153 111 55 283 385 206 7 374 377 211 255 332 383 124 252 84 200 368 318 24 344 322 231 16 51 139 185 322 39 346 400 29 39 133 106 265 104 11 17 25 75 295 81 279 367 328 206 286 324 342 204 255 98 26 23 233 236 132 169 206 106 254 217 6 329 356 239 280 230 241 28 76 363 175 256 260 207 177 381 298 259 29 117 302 128 260 15 246 38 243 277 80 44 363 80 138 309 272 113 69 242 374 123 195 126 307 187 293 23 182 181 19 317 142 353 310 156 90 158 183 397 318 326 4 290 290 204 165 340 102 323 208 334 391 341 126 8 327 144 339 92 144 47 203 279 100 41 56 208 264 358 397 291 361 387 234 244 366 329 13 352 343 334 30 257 73 139 362 373 336 266 222 339 149 331 145 131 272 93 186 226 99 17 268 330 67 204 110 337 372 229 112 94 315 1 11 294 386 237 375 289 384 18 68 285 302 235 20 263 192 308 345 95 22 58 171 295 46 335 379 50 123 91 210 168 236 348 94 283 279 196 213 142 245 152 297 3 77 176 376 31 69 389 92 220 120 275 167 223 253 146 172 61 97 166 162 212 61 48 36 270 133 174 342 284 149 314 395 15 200 311 207 194 85 151 80 87 52 34 323 135 346 228 399 191 296 134 225 137 141 306 349 78 15 169 66 382 184 190 364 89 388 240 248 145 38 82 163 86 312 221 129 281 40 10 390 250 238 216 115 40 261 399 157 195
59
13 20 15 28 23 36 54 6 10 53 18 17 28 9 32 46 31 26 47 55 34 48 55 38 18 57 48 25 51 46 23 22 4 8 40 2 5 56 16 27 12 41 52 27 21 33 3 35 58 30 19 59 28 43 37 42 14 7 44
10
7 8 10 3 3 10 1 3 4 3
20
16 7 10 1 4 7 1 3 14 2 12 3 1 2 17 17 5 1 1 8
100
80 3 27 76 30 4 78 20 35 29 55 66 12 26 36 15 44 50 79 92 42 6 84 41 21 52 67 14 49 48 62 86 82 88 5 61 19 68 81 94 40 59 72 96 38 31 25 91 98 87 24 95 7 63 47 51 28 37 46 54 73 97 33 2 39 53 32 9 85 77 90 83 56 58 99 11 45 100 22 75 64 34 17 13 93 8 43 18 65 70 10 60 71 23 1 69 89 57 16 74
100
7 49 93 72 92 15 85 100 69 94 84 91 16 23 64 21 4 59 69 88 12 87 30 14 79 7 63 43 35 19 10 5 66 71 10 65 56 48 46 77 62 89 2 48 70 73 26 59 82 77 58 67 98 27 76 44 30 11 52 32 53 39 22 90 20 28 96 32 42 68 33 86 65 100 10 78 6 77 45 53 39 71 5 29 95 74 13 41 24 55 27 25 17 51 61 37 17 47 33 3
20
20 13 12 19 2 17 10 9 10 8 7 20 17 12 19 7 11 1 3 18
1000
101 335 262 239 621 81 720 936 181 602 305 708 663 838 313 790 273 654 722 697 986 462 300 989 386 388 82 416 582 98 299 467 222 80 95 301 839 888 248 397 634 842 172 99 526 699 660 612 537 813 24 870 831 855 439 105 798 916 800 330 325 969 756 503 999 392 55 377 329 502 845 26 223 510 543 83 906 785 227 375 559 595 665 427 852 504 327 468 953 131 578 155 889 103 702 117 478 30 765 384 677 383 94 929 56 631 284 960 536 358 556 691 363 2 865 349 96 415 826 360 782 967 138 763 272 492 789 828 557 369 694 515 217 10 574 169 945 123 914 931 922 318 648 260 276 698 966 13 549 683 228 304 90 707 475 226 781 601 418 984 794 534 542 983 393 565 780 252 75 905 315 257 269 545 767 240 426 704 235 902 716 332 118 724 598 680 981 815 491 606 286 723 896 768 289 657 666 322 149 585 650 357 770 241 788 344 750 625 570 424 747 27 978 917 932 523 719 749 64 849 263 33 73 778 827 156 688 151 218 661 486 990 579 450 374 775 302 395 4 176 527 880 883 555 371 40 859 711 640 464 448 168 389 676 568 326 16 607 50 354 333 974 221 459 717 649 242 588 173 548 447 125 17 973 442 145 846 550 434 382 283 114 281 107 560 433 547 603 195 428 79 321 727 656 950 726 771 823 8 23 679 219 473 152 11 331 791 696 148 641 425 741 15 891 171 920 613 142 463 643 647 198 359 686 509 256 87 743 69 592 306 182 803 514 881 485 528 157 799 161 422 890 773 206 695 802 998 293 116 396 91 590 421 742 783 809 202 626 323 954 41 338 113 940 604 501 120 766 130 730 328 930 725 651 819 977 68 797 850 237 812 280 43 100 379 25 619 589 253 452 658 445 165 762 238 350 572 868 893 672 836 54 246 996 847 86 600 569 204 972 705 942 671 894 309 245 737 159 740 580 353 341 46 991 337 14 84 290 521 154 575 987 406 279 918 317 988 862 948 605 37 275 956 596 185 519 752 251 910 234 28 390 267 877 511 965 623 1 264 682 505 551 319 250 701 153 567 187 546 292 179 687 303 745 364 841 512 97 729 921 952 934 614 757 336 231 876 66 470 102 189 126 904 287 451 895 825 134 494 807 366 70 12 792 291 957 562 535 259 74 455 477 342 19 479 951 367 525 446 811 34 837 216 911 518 133 586 964 591 835 822 959 892 162 508 109 49 684 872 584 938 385 638 417 174 469 48 270 796 593 211 597 205 458 793 111 787 271 61 285 261 879 488 935 166 44 47 255 408 209 645 183 878 135 431 3 751 636 709 420 915 29 814 540 200 31 507 268 212 769 362 761 108 266 92 444 552 923 733 407 158 854 288 365 164 190 258 581 320 851 955 746 203 191 924 637 937 9 387 67 5 664 995 51 208 489 678 635 244 804 106 441 759 348 628 495 853 282 882 249 310 513 718 471 571 985 866 143 566 201 669 490 703 843 848 294 196 391 939 869 230 980 343 622 963 127 958 925 436 380 413 885 887 481 971 254 706 758 576 186 748 440 139 919 908 324 472 753 731 608 498 670 833 437 345 308 20 810 453 861 465 544 653 178 411 594 72 429 497 903 454 754 874 901 830 144 265 816 629 7 404 524 192 184 373 296 36 982 968 370 734 632 599 59 564 690 45 685 947 419 609 630 829 875 474 104 962 681 563 207 801 403 577 712 806 63 484 435 633 229 311 394 124 858 795 368 175 355 884 177 297 233 340 976 236 927 913 224 457 167 554 121 461 993 78 834 738 499 900 39 871 32 616 132 721 692 378 57 339 857 943 346 456 561 979 755 500 553 430 840 520 381 620 817 188 199 136 926 946 351 832 531 298 483 409 119 225 128 994 715 53 112 693 779 530 401 352 1000 820 941 476 42 163 587 71 277 405 997 220 732 334 85 760 76 573 689 674 764 22 949 700 438 899 624 898 356 961 398 35 52 460 539 361 713 744 487 863 517 466 210 62 639 243 897 180 970 673 873 93 110 314 533 933 652 496 193 928 610 642 944 714 824 710 493 170 60 975 618 992 449 529 197 777 88 18 58 115 423 856 316 480 141 402 615 668 818 776 655 77 372 140 215 736 482 6 644 617 541 659 312 38 583 662 400 137 150 739 414 860 295 516 247 89 558 611 443 506 667 532 912 867 307 786 844 627 194 122 147 538 886 675 410 274 821 907 774 376 213 805 522 864 728 808 160 646 21 432 772 214 232 146 909 784 278 412 129 735 347 65 399
10
6 9 4 5 7 7 4 2 5 8
100
4 61 97 60 48 71 5 52 76 98 25 11 40 94 51 78 89 43 44 21 63 79 46 77 16 64 65 13 99 31 90 95 3 74 26 50 83 6 32 92 34 55 24 45 47 100 87 82 69 2 62 86 29 70 22 91 17 87 68 72 85 38 49 20 59 10 35 41 39 88 23 37 18 81 80 19 8 30 12 36 84 66 67 28 9 7 58 57 96 14 15 53 1 33 75 27 54 56 73 93
53
43 47 24 50 12 11 51 32 23 21 38 13 12 4 33 35 40 19 48 7 14 42 3 9 36 20 37 30 16 49 10 41 5 2 13 18 45 3 24 29 46 25 6 52 1 39 15 4 8 53 31 22 48
59
49 59 41 47 35 12 42 36 46 31 41 17 10 26 29 53 4 2 39 3 9 23 33 32 44 5 30 13 57 14 28 51 48 6 58 22 34 31 38 10 44 15 45 20 16 23 11 55 56 46 54 56 9 18 45 1 19 40 25
10
7 4 4 8 6 8 1 10 4 6
10
2 5 2 2 2 2 2 5 2 2
10
3 1 4 8 2 3 9 4 5 4
165
86 85 151 128 95 35 23 82 83 75 133 107 128 11 83 100 112 97 77 12 149 3 122 42 80 89 70 140 98 126 129 49 119 56 94 115 89 30 147 64 106 119 83 66 121 81 81 150 40 76 36 71 61 63 130 161 114 65 91 113 16 61 87 71 155 93 27 85 23 9 49 54 26 130 164 114 79 52 36 67 89 152 156 52 70 122 7 93 46 79 117 20 135 133 163 152 150 138 161 58 129 20 142 101 63 47 40 56 132 87 143 96 68 31 26 154 48 115 147 19 113 7 27 110 136 111 129 96 42 75 88 104 63 60 148 5 95 29 12 130 97 69 135 92 45 117 33 135 93 97 96 8 61 153 33 4 133 23 63 35 108 95 125 72 85
20
15 3 17 8 2 10 4 10 7 1 15 4 19 18 12 7 20 14 16 18
10
5 4 9 9 8 7 9 10 5 4
200
188 12 99 152 142 129 74 138 13 178 189 56 61 86 32 175 142 121 36 36 45 146 139 41 69 75 182 125 81 200 124 164 88 161 65 177 112 155 184 100 145 18 193 192 46 134 151 50 68 151 169 90 191 147 2 141 26 83 43 11 70 173 91 88 109 176 135 113 122 62 59 33 181 44 102 120 7 169 118 10 158 40 115 25 149 146 79 29 53 114 54 172 183 97 111 75 164 23 155 142 107 190 26 15 179 122 52 124 37 72 46 92 23 82 197 124 73 77 85 144 127 28 173 19 80 192 198 21 194 66 139 89 8 165 48 137 185 130 137 79 132 94 163 93 78 60 161 174 152 171 6 101 160 35 159 16 27 196 87 168 170 31 200 86 1 176 140 91 184 64 195 58 42 162 49 105 55 76 148 99 41 186 196 182 119 135 8 181 154 150 43 143 9 3 187 113 63 16 16 69
100
67 15 25 74 86 26 68 38 62 21 56 43 66 82 2 85 54 94 40 58 10 30 45 97 3 6 50 91 46 22 71 98 76 69 44 52 60 8 89 19 87 95 12 35 23 29 73 96 92 27 93 36 90 17 57 11 55 20 88 37 78 9 75 99 77 13 1 7 34 79 31 81 47 4 63 33 65 61 70 100 72 14 84 83 16 5 41 59 39 53 28 49 51 18 42 48 24 32 64 80
995
689 504 598 155 126 194 349 96 635 74 788 718 494 232 953 602 703 664 20 488 792 665 954 430 122 18 858 282 532 608 304 372 221 727 697 422 973 931 339 377 748 950 768 695 280 895 814 612 760 452 941 627 630 8 577 570 777 540 28 549 523 563 824 695 263 301 65 863 573 921 335 898 278 735 796 308 294 553 524 127 346 119 810 27 174 558 993 938 596 33 734 724 506 17 150 854 907 407 202 346 67 284 112 190 708 659 752 443 919 162 773 838 663 883 182 922 803 770 863 845 469 892 566 991 152 246 483 530 450 623 969 421 753 194 516 601 342 70 419 555 137 848 409 366 692 778 886 470 512 246 505 233 517 517 72 376 743 890 39 104 533 315 274 995 212 835 30 158 784 321 76 738 270 879 475 75 644 975 972 35 765 78 151 984 209 636 51 917 128 370 776 722 73 988 49 746 436 812 203 365 915 156 928 961 218 570 601 425 225 71 446 819 140 298 607 369 361 465 707 761 614 176 617 646 260 954 196 545 750 76 717 351 152 841 344 717 486 100 49 165 395 382 29 769 683 126 384 582 99 588 438 650 676 422 678 767 322 230 244 106 427 595 660 878 646 770 748 140 289 310 936 352 848 544 147 371 1 357 587 133 441 400 430 124 638 516 191 148 774 5 586 945 460 956 440 288 985 172 958 398 188 419 365 565 866 983 131 830 788 481 253 809 179 888 778 831 121 203 376 383 781 625 510 177 14 10 775 195 55 175 859 446 229 753 455 192 829 217 742 926 970 685 159 527 811 100 847 224 548 793 439 864 358 578 274 521 249 259 183 32 323 240 101 19 247 953 233 139 979 616 920 428 687 599 306 297 927 163 725 845 620 58 293 250 283 105 220 955 175 562 404 334 739 456 363 624 684 254 299 68 108 511 5 222 498 462 16 397 89 364 595 641 872 179 410 146 752 416 551 82 936 994 724 737 790 352 280 175 178 477 322 734 285 474 204 258 260 783 829 275 307 149 574 929 392 325 31 727 26 520 332 40 751 651 770 353 160 600 117 59 273 743 880 479 26 242 228 925 63 967 180 240 934 804 367 711 772 552 727 522 326 914 851 210 365 794 856 962 43 832 485 190 971 241 905 9 739 98 673 691 23 336 334 808 749 878 559 484 672 141 845 98 335 896 495 450 292 90 641 543 276 643 661 723 259 834 729 620 647 823 567 989 553 337 587 309 659 756 257 134 681 61 883 584 666 424 480 935 740 289 694 732 406 251 949 675 452 904 669 32 759 524 86 538 304 791 539 493 201 206 375 874 535 143 245 667 837 628 613 266 282 245 640 279 965 908 279 965 475 3 691 95 747 473 867 248 508 943 191 360 207 902 494 77 528 706 633 944 426 437 143 745 912 398 609 704 48 554 113 639 801 828 571 723 850 349 700 145 687 121 487 813 473 123 501 680 894 69 193 932 766 953 62 296 630 215 368 541 682 345 102 980 136 897 433 708 196 363 444 800 847 621 153 499 13 671 935 208 542 532 618 14 699 572 392 404 539 958 427 912 207 341 466 471 412 238 818 440 206 655 814 236 893 615 564 515 622 125 478 420 224 624 568 846 731 132 534 905 128 258 87 304 885 547 116 265 817 940 229 900 61 125 524 507 370 887 731 709 637 937 340 161 52 839 74 491 877 12 869 968 208 385 489 866 21 205 758 635 197 887 388 85 334 293 965 862 96 60 541 626 214 619 735 972 884 184 433 432 911 120 424 557 491 653 849 918 46 146 948 785 514 716 408 526 616 17 181 963 59 252 934 859 526 209 942 850 904 304 558 435 315 751 270 81 827 677 7 797 338 646 786 463 774 25 924 99 268 899 897 808 403 782 876 593 500 75 805 42 337 981 253 604 893 386 556 963 893 447 301 264 267 87 533 978 120 565 329 627 295 796 324 861 229 399 122 649 852 645 2 237 544 882 68 312 407 631 57 795 305 390 446 235 567 919 860 648 166 586 80 195 609 875 652 853 827 418 805 30 77 502 401 686 201 442 702 51 277 138 88 613 805 490 468 797 467 986 414 135 372 70 381 821 594 868 350 429 64 276 763 243 380 724 366 507 634 219 22 632 891 365 606 103 979 473 548 667 263 84 720 840 354 870 647 474 585 158 247 434 359 629 934 220 674 570 163 394 49 713 263 522 387 476 261 770 585 117 3 518 668 441 623 592 74 103 374 403 625 142 868 321 429 227 982 343 393 531 975 107 922 903 662 147 413 415 93
320
234 281 55 158 47 245 146 101 140 283 78 243 295 156 45 205 273 89 95 168 271 34 154 203 83 266 23 93 132 219 63 151 120 112 1 67 232 89 219 170 77 152 253 314 318 319 276 196 236 184 310 115 254 196 202 99 155 137 317 164 20 317 231 48 99 118 98 124 134 69 283 102 96 218 261 9 90 3 112 176 24 10 251 140 74 111 143 260 207 167 286 206 284 25 285 235 144 36 239 155 281 115 176 200 220 217 126 41 85 297 214 143 298 192 255 293 286 62 45 254 192 223 198 268 108 170 272 147 29 200 135 157 145 260 14 303 96 35 66 143 282 232 27 139 106 216 224 85 298 107 32 25 209 180 22 297 2 218 182 308 108 80 92 304 60 91 4 43 161 299 184 289 209 8 88 307 312 32 127 292 156 253 252 20 243 80 63 29 211 241 213 276 145 307 225 86 165 259 262 1 23 300 39 230 275 197 308 117 72 34 304 243 230 37 251 254 139 169 30 213 290 283 71 284 286 159 37 197 142 175 82 294 303 191 32 300 92 117 315 5 223 289 226 132 249 1 237 46 240 41 38 103 266 153 91 134 234 9 31 246 241 38 164 304 203 2 258 9 303 190 278 259 255 66 255 177 93 39 10 39 50 179 123 78 134 254 220 95 316 137 94 210 119 64 219 44 308 57 232 128 130 206 46 247 304 286 77 42 132 167 134 165 57 80 233 82 193 38 317 39
10
2 1 2 7 2 3 4 1 6 7
200
119 24 153 78 143 33 184 144 70 141 90 173 165 115 148 132 196 59 32 142 17 3 166 55 101 168 72 96 152 38 114 49 121 78 85 194 180 173 88 96 182 112 100 38 115 149 115 177 26 145 187 154 109 71 51 30 196 33 68 69 136 34 90 3 30 71 132 12 109 163 135 27 118 171 157 120 112 96 63 95 111 193 183 42 93 67 29 101 62 127 41 7 108 135 9 177 73 60 23 93 96 31 41 188 130 171 91 193 156 25 196 43 29 2 141 99 131 122 63 186 105 168 27 117 160 175 122 94 169 176 198 183 112 133 172 193 82 169 94 136 171 20 5 136 70 167 185 72 195 136 165 81 138 158 62 19 160 168 195 163 157 20 70 148 123 95 105 16 2 165 179 189 194 197 40 125 107 119 99 162 111 5 132 138 84 128 143 120 9 96 53 58 148 83 56 170 42 8 149 22
100
74 15 36 100 92 12 95 30 22 13 32 33 45 65 93 79 67 11 25 6 48 20 60 38 21 37 91 40 47 73 76 44 46 61 8 75 78 68 26 62 86 4 66 79 96 98 2 51 24 39 56 9 14 43 80 34 72 71 54 64 10 16 84 83 35 49 90 70 19 3 59 53 85 18 81 28 50 99 44 17 94 97 5 7 31 69 27 82 52 57 41 77 63 1 58 55 29 87 42 88
500
335 245 440 364 341 486 24 179 25 198 282 414 78 33 196 146 87 142 339 133 91 401 432 101 151 107 438 347 16 427 252 347 80 10 495 205 267 215 463 327 8 116 69 315 34 416 117 109 206 280 418 457 188 442 243 199 441 25 258 295 233 406 323 233 364 34 163 194 130 337 418 287 350 448 221 473 466 499 367 477 391 135 187 456 473 134 345 421 92 144 484 410 305 151 147 251 363 227 22 190 366 114 423 447 302 51 18 449 195 33 95 432 463 151 349 414 402 471 398 217 262 191 353 313 330 387 4 232 266 249 263 122 361 402 131 99 385 176 275 411 175 459 453 402 130 98 439 165 479 476 329 320 278 444 35 362 79 383 302 475 434 132 31 269 295 218 301 388 388 50 284 116 4 105 394 84 500 448 408 388 246 373 42 320 3 201 252 165 73 275 260 204 306 125 462 450 420 201 215 68 247 5 314 217 360 343 411 38 135 200 13 445 178 121 76 235 450 188 388 318 32 493 255 274 122 275 30 168 230 213 335 333 304 196 317 305 162 483 45 483 81 263 365 208 404 298 122 119 400 375 348 96 320 155 288 473 276 179 422 184 369 57 438 137 164 126 243 263 291 358 295 434 150 204 324 333 138 272 350 175 460 419 224 467 411 114 4 14 349 386 209 217 480 330 197 139 349 435 300 29 498 381 268 70 112 338 438 120 186 375 469 31 25 157 244 331 283 440 338 481 210 279 406 311 98 355 194 484 248 35 166 129 174 14 12 136 171 407 111 425 239 222 236 474 92 244 392 264 293 297 206 148 137 454 189 415 147 10 39 90 325 220 346 79 86 138 2 188 111 380 26 238 427 445 487 70 197 51 423 55 262 265 114 370 409 288 187 5 378 162 156 332 5 7 240 28 189 382 482 49 103 241 190 216 471 209 143 183 388 97 482 379 317 490 211 440 128 250 143 355 478 305 369 378 177 316 491 48 40 156 307 417 314 287 466 59 476 370 273 223 195 294 477 277 167 224 114 176 299 149 112 29 342 194 232 71 240 480 321 233 182 499 275 489 80 425 145 330 240 463 162 487 325 137 225 399 193 2 275 87 136 221 258 249 313 286 233 289 437 181 26 212 158 236 316 362 356 153 170 212
100
39 24 69 7 86 57 84 39 11 43 9 90 50 64 59 23 18 35 35 82 100 15 9 2 50 21 53 79 4 42 100 21 39 24 18 79 51 87 1 1 45 82 89 70 100 8 13 3 83 83 37 21 70 16 57 85 89 25 68 66 25 71 78 39 70 7 35 59 18 53 24 6 78 35 60 65 22 2 28 10 69 42 50 7 68 89 22 22 43 11 75 84 50 50 31 2 7 21 63 45
572
70 515 429 420 313 304 464 92 343 555 197 178 567 510 276 162 150 501 359 286 425 538 455 540 547 30 253 345 402 15 570 561 520 324 238 466 444 457 439 351 177 82 399 269 533 360 249 326 553 277 242 441 7 285 34 222 297 132 379 380 280 218 374 370 155 392 341 335 522 169 176 308 333 27 299 195 217 389 401 432 407 42 230 38 548 364 265 270 200 492 498 325 2 350 237 405 246 228 419 452 199 454 545 90 316 183 202 338 254 543 76 55 160 459 394 134 32 284 77 320 404 259 550 490 371 127 144 493 109 40 91 58 565 250 423 119 98 406 531 63 163 566 355 131 460 453 451 46 255 378 23 388 416 319 110 113 72 470 65 152 236 186 424 41 107 137 546 104 291 135 282 494 383 468 261 31 463 504 413 184 215 469 435 121 207 472 167 206 122 83 321 45 572 372 21 497 483 36 19 252 382 398 64 514 339 303 377 400 225 499 94 496 189 266 376 417 482 185 462 475 307 156 446 171 153 97 502 166 74 115 554 448 118 205 298 309 268 124 340 290 139 136 187 213 518 143 556 330 391 495 348 369 219 128 342 241 234 6 140 534 487 264 165 175 25 396 59 557 415 500 212 314 426 327 61 26 532 102 508 560 503 258 569 428 194 247 302 552 288 384 292 96 239 526 133 408 479 509 512 387 223 179 188 571 450 181 527 129 161 168 287 445 57 272 328 105 562 458 174 244 221 361 505 180 447 366 191 79 47 87 443 312 73 410 375 481 86 44 519 559 204 220 9 467 158 84 101 208 229 13 130 126 315 157 477 295 430 367 334 511 337 344 267 322 363 33 485 385 89 116 4 274 262 120 14 414 62 390 412 368 3 539 365 240 517 305 422 159 78 210 353 433 49 108 243 151 196 146 431 549 329 51 427 211 93 440 411 18 456 347 81 52 311 306 190 209 352 106 271 201 283 434 541 141 164 294 403 506 231 71 43 50 111 436 257 516 20 480 114 138 563 521 488 37 332 537 8 263 358 5 461 10 232 542 88 95 442 273 39 149 489 491 66 53 478 103 535 362 182 293 409 16 513 12 145 48 198 148 386 17 214 60 568 235 75 80 373 331 203 281 349 289 354 260 147 99 123 216 100 336 24 173 381 301 473 507 233 279 484 393 523 142 317 300 1 67 529 245 418 476 172 421 465 323 530 318 29 356 54 536 256 486 192 346 154 170 474 278 125 296 525 558 56 193 226 395 248 85 251 397 524 544 68 35 438 564 471 22 28 275 310 551 227 437 528 449 112 11 69 357 224 117
10
5 5 7 3 8 8 2 4 6 2
969
590 459 234 113 654 312 680 169 89 677 372 450 897 331 495 579 679 409 948 310 772 105 517 872 468 440 426 220 348 28 903 923 355 280 851 693 718 475 36 726 752 362 823 563 917 339 270 345 819 204 492 128 952 197 85 14 593 709 829 445 827 66 48 2 181 927 653 807 828 332 512 885 483 746 382 3 575 75 730 482 719 596 186 879 847 226 179 423 663 384 740 521 206 169 833 117 300 308 683 130 223 866 191 391 875 691 57 167 708 661 567 99 422 301 299 811 100 606 949 288 585 968 951 290 529 267 49 852 452 82 363 735 131 688 338 620 497 273 55 198 340 924 893 285 231 431 342 251 88 930 747 291 93 803 953 534 277 157 143 64 573 865 474 801 253 698 678 446 519 581 126 479 19 368 439 944 211 369 214 626 190 254 320 418 198 545 840 341 624 900 77 565 163 918 804 844 785 140 772 433 233 56 571 74 486 428 537 574 421 569 684 743 480 47 116 629 890 366 472 911 458 441 631 598 264 316 73 742 781 3 685 27 61 303 102 367 326 144 961 72 963 330 55 122 541 78 544 314 965 913 101 504 400 90 471 826 490 856 941 892 317 216 790 84 466 798 530 874 424 404 266 447 708 877 839 960 427 966 324 158 234 398 221 788 630 454 774 284 888 44 909 548 147 153 219 15 35 443 307 129 123 193 955 508 125 771 130 453 248 914 959 922 773 914 712 275 727 52 586 156 797 642 139 396 764 275 895 941 7 636 899 434 23 269 425 815 602 328 770 834 349 358 868 161 627 70 249 192 393 406 305 9 802 411 818 810 625 38 343 607 681 521 946 664 401 41 299 521 296 150 224 869 377 405 737 916 945 670 775 704 520 686 463 549 841 784 183 572 724 894 337 552 830 304 707 855 706 846 465 850 62 218 527 354 673 619 470 469 889 478 937 279 329 568 89 668 455 298 776 806 672 647 293 502 763 650 151 674 54 396 736 713 274 561 687 717 276 25 124 165 858 692 791 376 570 245 174 926 430 33 505 319 543 110 82 964 388 4 107 954 498 228 351 76 915 112 476 793 722 77 637 168 501 859 553 430 878 232 711 132 697 662 326 731 934 456 862 506 395 142 493 235 152 299 908 912 243 714 410 352 289 551 816 610 318 676 608 547 135 800 367 182 583 392 346 513 773 40 611 23 9 779 361 60 558 557 180 641 59 845 256 176 592 635 467 191 618 381 634 477 562 133 159 542 357 22 554 710 1 898 639 751 808 464 519 931 817 77 936 516 699 227 287 939 295 926 795 230 268 259 950 360 695 690 19 413 65 5 558 503 518 765 716 500 13 940 655 694 599 739 29 114 18 906 19 926 924 132 53 91 259 461 87 644 496 675 652 601 136 335 212 957 832 8 12 419 196 962 26 842 929 306 692 588 904 164 659 886 210 896 294 80 390 843 820 170 754 916 281 297 399 208 901 38 566 831 559 71 402 873 782 241 408 535 766 468 336 587 491 594 307 347 854 660 137 383 397 403 19 420 615 757 661 435 515 325 68 848 239 6 46 755 414 30 665 207 282 824 919 172 719 783 550 292 473 509 238 487 758 708 67 367 964 353 185 257 247 313 314 205 97 367 778 920 887 255 385 322 374 745 34 748 111 701 447 870 761 485 20 189 321 809 887 863 510 938 98 905 609 932 387 252 560 703 141 11 481 539 838 236 533 371 564 50 94 651 79 436 578 769 32 451 925 375 738 39 365 323 910 104 682 663 106 762 825 786 768 37 835 523 148 85 21 394 83 881 51 883 314 146 429 77 772 237 556 767 628 603 522 540 597 213 177 796 31 449 386 462 794 488 605 821 524 759 452 364 632 358 359 437 24 149 621 921 195 604 184 369 837 876 514 732 92 127 444 379 260 612 166 538 262 657 947 118 532 225 576 378 215 815 250 555 871 773 721 777 246 302 265 613 200 857 248 933 457 531 667 17 956 813 162 412 63 634 489 648 209 43 327 494 744 735 643 772 45 822 315 416 380 577 362 86 828 928 344 108 696 812 756 258 240 455 640 499 853 202 58 589 799 334 671 616 867 174 69 357 370 229 389 244 860 526 350 687 484 525 507 787 723 638 311 121 849 217 666 753 278 760 242 188 283 119 261 814 725 614 617 20 600 712 528 646 780 155 741 622 689 669 649 10 178 134 843 498 145 882 187 861 633
20
20 9 8 6 1 20 20 12 3 16 1 3 12 19 1 7 11 7 6 11
53
51 27 51 21 41 48 46 26 23 2 1 11 5 3 35 31 8 17 7 49 32 32 40 22 43 24 37 43 52 47 10 53 36 21 12 25 9 44 33 14 38 28 28 42 30 15 4 29 18 39 40 45 34
10
2 9 5 10 1 1 6 7 5 4
100
61 66 4 45 61 56 10 68 96 57 84 78 38 28 2 9 13 63 57 28 65 15 81 46 89 8 69 3 15 8 59 58 13 13 87 10 81 6 50 81 60 47 24 51 3 43 49 73 42 76 13 88 83 30 45 38 36 54 19 23 75 89 37 4 21 77 100 30 50 85 97 87 84 19 1 69 88 12 50 14 63 5 99 50 47 17 75 66 46 85 29 16 64 15 1 46 21 5 68 67
320
258 304 75 34 206 166 316 250 3 223 161 147 151 106 142 194 13 165 95 209 257 213 141 148 108 111 4 318 310 316 150 99 62 309 177 264 94 314 64 211 43 263 229 162 11 98 259 238 157 113 22 154 221 91 13 188 278 4 254 281 130 109 128 221 37 289 187 211 140 203 135 285 23 251 192 143 222 28 236 1 239 183 242 2 121 296 188 257 12 105 205 35 216 51 204 280 290 302 37 312 48 90 20 110 19 120 200 174 58 305 13 82 237 262 70 211 180 37 286 210 86 132 135 268 84 171 174 89 141 114 210 269 2 208 248 158 124 103 91 288 307 184 85 141 139 172 270 102 303 314 176 55 259 41 271 51 65 256 202 44 146 317 275 196 281 246 67 287 178 249 18 132 319 313 79 115 46 3 93 9 110 257 39 29 155 247 134 143 99 206 5 301 130 113 143 8 74 159 299 10 127 145 74 116 294 73 186 285 92 59 214 226 16 66 25 96 173 119 42 206 215 244 279 97 28 284 186 189 100 269 245 98 308 84 41 15 163 258 63 173 67 82 45 188 148 27 36 28 296 52 239 185 233 149 65 191 199 175 253 18 9 77 165 96 123 292 44 242 159 252 111 243 298 233 125 155 205 29 273 226 160 74 69 164 193 272 123 33 168 212 178 138 49 218 243 167 88 137 219 135 173 169 181 293 175 55 283 297 256 14 155 186 10 272 177 298 47 148 292 222
200
160 169 109 14 52 71 124 45 17 63 5 24 157 101 197 59 115 56 26 17 130 64 22 58 177 8 173 146 197 89 136 70 14 37 132 163 1 11 70 193 95 13 62 15 192 15 77 82 37 17 82 131 164 164 8 23 59 156 128 29 127 183 128 190 63 190 1 75 80 173 24 109 161 144 118 152 114 166 41 112 13 178 155 181 81 135 51 26 91 40 70 105 125 127 11 1 42 39 9 80 31 27 96 29 66 33 190 73 15 90 137 132 9 13 59 158 193 195 174 124 124 42 93 18 123 23 118 65 64 115 8 190 161 136 168 164 22 3 80 96 85 5 124 30 198 184 91 155 16 4 144 178 46 85 179 182 184 9 174 103 49 188 34 120 76 27 65 166 58 79 78 21 89 53 186 11 3 87 83 138 90 58 131 47 72 171 118 148 125 200 156 26 20 119 79 88 26 175 106 130
100
8 34 72 6 39 4 73 1 89 16 96 21 94 28 18 10 67 15 81 90 12 44 37 92 84 76 80 14 58 66 49 43 71 2 64 51 23 97 5 52 57 98 32 22 61 69 62 59 31 95 36 40 99 86 100 65 41 29 48 82 45 47 87 35 56 30 17 70 46 68 33 3 7 88 93 26 79 91 77 27 19 60 85 25 83 54 63 74 9 20 78 24 75 13 50 11 38 42 53 55
20
11 10 20 10 8 11 11 13 18 8 9 3 8 7 4 18 5 7 13 4
51
42 9 30 36 43 22 33 4 47 37 24 48 8 6 3 40 27 5 50 7 18 41 28 15 46 21 44 14 20 50 1 45 2 51 34 31 39 26 40 39 25 10 49 29 12 16 19 38 32 9 11
10
7 10 8 1 1 5 1 7 5 5
53
42 48 24 25 9 5 32 1 16 14 52 13 2 33 29 27 22 41 39 28 15 46 17 52 22 6 49 38 47 45 11 36 7 49 37 31 50 12 30 3 35 40 21 26 34 4 8 25 27 23 20 40 18
10
7 5 7 7 6 3 9 3 1 6
100
87 17 82 89 23 45 37 29 52 70 94 97 96 15 6 38 12 35 56 21 26 2 93 86 18 54 63 42 14 57 46 58 40 3 92 68 44 49 24 34 64 95 76 53 72 55 60 66 79 75 62 31 30 73 88 100 25 80 27 13 1 59 32 33 77 7 91 67 22 84 47 48 51 41 85 71 69 11 39 98 74 20 5 36 4 90 78 99 8 81 16 28 65 43 19 50 10 61 83 9
10
7 10 9 1 10 7 5 5 3 5
1000
333 479 415 691 618 588 283 851 972 548 122 89 649 906 617 203 140 3 171 393 484 427 441 482 222 481 701 214 72 444 727 725 426 950 551 621 150 505 41 90 656 109 531 256 581 97 865 75 963 377 445 818 549 506 976 255 577 259 470 905 106 855 321 730 518 217 717 925 929 294 599 450 741 254 786 252 933 253 909 684 145 415 955 685 773 915 606 692 201 708 423 33 864 110 377 463 868 871 388 363 98 466 990 671 753 248 173 121 414 769 597 974 962 670 34 611 520 764 451 304 607 216 142 789 397 76 688 727 101 880 982 772 47 211 386 94 951 119 379 718 528 837 566 695 135 944 888 205 5 630 955 959 546 149 265 73 651 584 192 995 738 439 658 69 103 732 471 476 923 49 323 10 154 589 590 39 970 826 204 890 311 552 588 312 973 340 908 605 734 314 397 417 409 802 365 373 190 465 956 681 234 225 131 517 907 15 919 488 561 894 213 154 938 676 405 633 555 289 370 968 208 991 827 308 794 832 672 689 96 233 126 39 46 138 168 843 114 811 735 526 652 35 30 152 886 299 756 108 525 196 422 884 702 410 402 416 137 203 197 874 722 229 913 1 942 675 813 301 429 721 217 833 578 707 880 433 594 980 661 677 603 879 839 30 797 543 150 395 347 969 265 47 282 582 612 251 696 962 435 140 472 117 869 836 78 809 389 536 243 799 883 609 416 156 376 22 791 274 146 273 65 302 541 535 454 335 840 221 61 193 816 692 804 932 819 640 683 721 247 787 928 539 554 533 55 305 669 52 794 391 132 953 754 622 864 170 295 146 678 197 590 523 851 795 378 436 339 262 723 200 875 20 711 669 30 700 660 88 28 853 599 801 613 447 323 834 569 529 591 357 62 731 719 57 918 251 931 979 545 593 576 53 461 515 226 564 418 11 659 424 196 186 31 344 994 207 260 428 906 607 269 343 116 715 641 710 421 438 897 458 757 888 223 442 485 594 924 835 887 177 544 499 182 824 1000 848 446 728 620 85 597 144 232 104 699 231 961 993 341 534 110 380 394 84 936 585 545 199 653 458 627 781 926 708 160 686 831 783 766 704 668 452 114 118 153 778 328 992 204 637 438 93 387 490 486 592 586 383 997 38 60 216 167 845 239 885 383 940 571 464 261 442 79 968 80 595 87 828 99 321 610 748 455 745 779 978 605 763 902 915 257 158 662 895 462 866 513 219 279 674 473 34 519 369 124 83 334 799 244 86 281 815 999 352 371 297 81 98 653 819 658 109 234 999 468 598 335 920 687 232 765 921 148 293 320 193 368 623 912 915 155 808 109 412 166 268 445 33 981 400 930 496 389 456 159 957 12 946 331 615 495 798 896 22 673 698 579 235 143 319 263 820 220 856 129 825 988 194 351 469 2 19 359 745 265 873 317 602 927 784 180 309 7 480 460 251 267 127 458 516 198 863 706 235 286 310 29 748 280 50 250 90 218 849 739 181 122 120 162 227 74 392 114 695 629 301 350 209 449 448 105 169 958 483 165 478 760 755 647 262 48 431 490 406 403 447 610 348 788 24 390 682 752 937 112 18 434 511 858 127 233 134 170 38 545 572 498 21 922 459 873 142 730 525 539 557 337 803 432 887 807 179 744 556 404 719 187 790 642 102 42 898 793 527 761 467 742 810 675 702 58 264 423 334 689 555 556 503 636 893 572 743 596 13 575 258 195 238 516 878 634 501 729 241 298 270 929 166 510 158 130 525 940 290 28 172 604 792 185 508 180 293 654 224 539 538 870 762 306 540 648 161 632 141 691 194 312 275 174 975 823 107 276 210 382 827 36 814 857 601 941 754 67 25 68 952 703 315 324 364 692 831 59 733 271 255 300 322 288 882 413 256 600 854 460 481 709 158 408 750 829 125 242 926 565 360 486 644 379 605 860 649 567 830 445 506 736 574 164 842 797 742 225 694 712 287 14 278 328 532 272 129 948 759 985 286 612 353 523 240 242 81 453 277 859 15 401 998 822 497 200 425 356 737 407 236 777 64 95 167 667 876 500 67 624 245 93 889 892 868 468 61 693 116 43 681 262 542 215 45 77 133 650 655 774 354 845 183 614 983 100 23 55 308 804 79 573 305 144 679 509 966 816 493 372 861 723 157 35 841 550 475 749 429 246 665 972 800 826 847 814 238 327 924 443 568 63 318 182 697 177 454 619 690 189 643 645 628 487 27 776 367 361 203 616 288 36 867 546 437 70 398 805 747 71 638 440 945 725 901
1000
89 79 383 647 468 26 39 551 992 798 781 783 594 519 407 278 789 795 870 192 642 97 162 695 787 771 856 125 40 255 558 580 250 544 408 152 225 169 193 326 344 123 494 692 397 394 159 542 535 554 640 514 43 232 901 404 810 943 401 930 415 630 106 922 819 780 120 235 256 95 476 697 212 131 110 127 82 27 450 7 564 543 243 14 462 917 330 300 622 773 910 52 693 768 377 766 686 361 444 623 577 743 738 974 597 216 436 532 20 382 895 929 896 475 600 247 186 271 285 36 538 667 449 77 166 587 668 130 491 841 611 69 277 732 871 983 428 988 492 191 679 427 618 355 298 435 963 203 811 981 134 350 66 457 294 226 838 455 121 737 453 223 399 846 395 844 804 899 432 160 45 215 60 48 689 530 774 639 792 752 826 505 245 359 717 808 588 391 629 129 92 253 510 625 234 666 825 970 950 601 267 73 658 753 487 126 44 628 547 540 972 128 389 631 179 966 275 751 281 204 939 821 772 284 508 815 649 998 604 336 75 832 150 403 610 958 764 387 471 663 360 620 979 78 312 680 307 936 320 617 824 721 438 861 196 905 820 208 982 924 213 868 779 872 227 880 367 687 38 651 76 32 702 590 259 388 652 908 327 883 220 100 712 681 500 760 30 283 346 331 731 310 546 433 233 653 595 15 304 850 691 539 584 102 282 603 273 900 341 258 153 999 176 677 323 296 552 938 734 683 124 113 739 322 4 434 222 452 207 756 458 154 537 297 912 189 167 762 560 35 609 175 859 765 437 662 345 915 353 358 527 726 855 148 372 741 286 99 637 279 37 409 634 293 644 851 521 840 759 583 885 740 550 699 149 498 575 555 315 882 187 694 456 589 624 745 845 157 948 53 873 987 265 719 499 897 822 962 61 221 94 425 202 669 370 90 750 993 22 269 306 104 194 200 474 28 308 93 400 98 254 459 390 571 393 240 858 334 419 902 665 364 852 64 727 155 13 829 881 698 893 84 68 249 978 549 591 816 33 786 378 10 371 299 206 655 34 837 545 198 720 461 942 561 185 714 445 862 511 356 784 613 324 140 105 417 633 305 365 80 112 875 18 25 137 85 398 977 576 422 586 188 177 890 42 11 708 790 136 528 237 139 921 523 961 967 747 761 812 171 464 506 994 301 292 21 515 12 180 688 964 960 484 426 952 913 463 632 807 796 843 164 117 24 201 374 488 251 158 985 214 559 451 211 716 412 339 847 911 806 143 932 147 887 934 959 405 755 263 313 813 645 570 971 50 502 454 411 643 735 889 163 430 918 343 332 526 980 19 614 65 291 869 366 448 925 469 348 839 797 141 842 276 379 342 879 396 831 935 770 362 414 347 566 144 894 800 239 701 928 704 274 834 556 833 608 827 646 635 497 109 311 410 767 473 5 71 138 224 886 168 525 114 184 520 641 381 670 509 373 205 953 132 319 504 490 440 486 676 914 51 605 423 572 481 799 386 268 888 619 252 439 650 996 29 763 503 495 563 145 480 195 384 710 599 607 700 877 416 941 287 690 485 657 672 715 991 654 363 406 805 965 496 507 338 518 817 270 264 548 907 945 707 522 722 675 660 6 973 638 116 442 984 534 181 728 758 424 955 724 385 248 802 368 742 413 325 55 392 59 709 920 49 229 262 703 446 863 111 711 460 579 174 823 513 333 17 86 96 431 947 615 337 878 627 228 172 864 16 441 578 814 209 54 479 56 673 794 516 884 937 612 916 876 705 57 81 318 261 682 968 562 288 58 72 919 536 659 351 748 420 119 592 990 376 101 352 517 933 115 557 512 569 531 146 986 314 483 218 260 533 8 989 217 757 854 1000 730 219 975 63 725 791 295 369 183 197 242 380 776 317 848 161 674 746 443 648 685 108 565 778 465 931 678 357 447 244 289 636 733 478 706 493 573 995 874 156 3 354 231 266 661 860 91 891 41 23 581 809 46 241 944 472 616 402 87 210 857 501 178 375 303 230 328 582 801 302 567 238 606 568 835 122 529 165 621 788 957 173 818 729 429 898 940 793 946 718 524 418 927 836 696 321 135 199 489 340 246 713 190 664 170 926 103 593 107 782 626 830 853 736 671 865 775 236 585 684 421 723 118 9 290 892 1 470 598 969 70 151 467 954 349 949 656 62 257 74 828 2 754 309 47 31 67 574 596 142 866 553 477 956 182 482 909 903 316 602 976 923 769 906 329 904 88 803 272 849 541 133 951 777 785 744 867 466 83 335 749 997 280
10
3 1 1 8 3 5 1 5 8 5
1000
434 409 100 87 175 307 636 781 204 26 575 442 104 220 999 135 738 889 148 441 174 714 833 119 117 492 314 896 516 379 600 233 96 958 585 752 698 344 25 236 324 248 877 395 809 977 759 258 767 829 197 212 398 359 620 460 887 328 702 596 729 770 114 665 616 293 210 13 465 789 399 876 216 349 271 122 184 768 632 922 542 582 508 221 287 639 874 225 54 794 21 610 654 337 128 615 256 402 472 534 42 910 988 530 757 456 628 294 629 270 552 649 719 4 836 482 888 908 953 282 471 66 46 377 322 506 33 694 657 544 88 331 885 706 152 835 775 785 55 633 819 807 801 965 627 562 32 938 268 484 107 406 926 93 655 828 710 565 214 59 469 173 357 356 416 866 570 762 290 790 279 223 599 638 843 362 513 79 43 520 246 816 708 253 779 840 853 194 844 594 618 950 120 182 990 848 603 368 667 566 670 498 640 904 70 745 751 207 7 91 693 414 862 551 281 35 704 947 449 439 648 179 178 731 571 146 115 992 577 447 143 1000 157 983 227 51 241 186 695 723 772 481 167 894 489 161 140 312 812 952 69 222 935 739 778 798 986 285 517 243 353 183 264 330 969 528 141 538 561 75 598 342 269 302 291 815 445 413 254 454 808 278 177 181 973 661 272 994 58 162 446 625 401 427 579 144 814 822 488 754 820 891 158 1 824 218 361 728 529 972 150 319 347 425 154 475 733 407 981 978 386 417 333 301 644 410 804 491 502 126 936 591 535 374 367 890 304 343 783 760 163 584 799 78 634 769 735 473 803 238 249 228 448 412 421 842 996 280 77 3 865 30 873 142 652 71 470 964 81 437 821 595 86 970 742 707 189 782 39 168 527 72 813 159 976 397 914 918 164 466 624 771 934 389 436 483 572 997 390 176 230 476 795 895 526 921 332 375 998 573 906 121 991 424 533 185 490 422 201 927 62 209 106 477 273 451 909 597 558 750 305 240 215 549 94 85 22 601 192 901 930 24 325 557 9 433 982 385 95 418 105 612 743 903 321 568 849 426 676 668 326 73 485 868 191 360 323 931 429 924 12 755 975 84 854 242 850 98 709 64 444 660 430 581 606 823 118 797 897 231 370 802 712 19 607 522 666 758 313 111 893 500 351 611 687 493 336 863 263 232 276 717 274 252 172 942 45 10 683 946 289 553 505 5 718 626 617 635 810 366 663 99 196 497 720 659 509 841 780 870 44 438 511 202 948 713 341 637 689 967 6 124 299 358 589 900 48 681 275 31 129 130 219 136 47 400 925 905 531 832 213 944 954 699 419 298 8 259 40 354 525 340 134 457 675 57 382 381 50 825 554 296 265 487 878 884 211 80 872 578 153 463 90 193 237 327 715 499 74 17 14 320 423 180 420 576 37 697 826 348 690 892 507 431 335 339 452 587 195 966 864 60 777 101 345 593 674 917 250 945 791 450 284 61 235 650 995 716 391 396 53 503 428 16 651 646 205 288 851 139 672 700 857 311 730 82 266 732 510 943 371 968 109 432 916 923 392 295 504 608 97 300 208 474 76 673 532 206 131 643 898 316 555 784 749 479 372 203 949 56 671 68 151 955 15 464 764 556 116 518 860 861 239 664 297 540 462 763 547 787 458 856 604 103 303 929 684 656 838 830 536 811 260 546 378 36 677 383 793 685 217 574 737 478 346 831 605 642 524 408 125 800 537 310 363 393 334 166 226 65 569 989 187 514 962 11 971 726 859 883 149 580 350 459 818 171 867 495 951 234 364 365 198 875 871 882 255 496 283 583 123 806 251 188 108 940 67 613 959 956 688 404 262 691 2 855 932 623 247 963 679 380 559 786 564 405 920 796 34 741 548 515 443 852 957 403 621 774 590 137 724 609 145 494 734 292 224 974 915 987 711 756 52 200 468 773 352 369 692 744 89 110 602 261 512 678 550 170 941 355 521 318 267 309 160 846 686 244 20 725 912 435 985 83 286 23 740 979 928 453 560 308 653 586 939 467 721 190 881 902 984 792 519 486 858 961 696 911 277 63 827 229 199 839 680 138 960 567 563 394 306 669 631 647 588 133 837 614 747 245 113 501 993 29 338 834 543 156 415 545 376 682 112 776 257 155 805 315 329 703 748 736 879 127 92 937 592 761 746 933 619 411 455 701 27 765 788 102 641 440 38 630 886 847 727 869 919 845 388 49 523 913 645 384 722 480 907 132 705 899 317 766 622 662 147 28 461 658 539 373 753 541 18 387 980 880 817 41 169 165
20
10 6 20 2 17 20 17 5 15 5 7 1 7 16 13 14 13 20 18 10
10
8 5 5 10 2 8 5 4 6 4
10
6 10 2 2 10 1 3 4 7 1
3
2 3 1
101
46 78 31 7 16 100 98 19 96 60 36 72 87 9 3 2 86 94 101 39 15 53 88 28 94 64 62 54 24 42 95 77 17 1 49 27 75 29 82 92 74 97 58 4 35 90 84 59 71 48 32 11 63 45 56 65 33 30 100 99 70 76 91 40 73 98 50 67 53 65 47 34 26 37 37 57 52 13 9 12 69 85 63 25 61 93 8 21 20 44 38 5 80 89 60 43 41 81 68 79 88
1000
777 889 712 999 460 260 14 356 54 156 1000 733 243 904 539 113 586 24 534 681 251 944 363 108 32 288 546 430 909 825 961 489 201 604 781 45 451 943 184 343 345 74 779 872 588 537 643 759 873 544 126 422 753 798 771 590 145 361 191 208 878 944 236 535 124 453 805 385 372 550 470 993 721 666 375 306 951 446 688 525 956 496 457 818 585 847 393 920 632 861 366 797 877 80 941 367 9 698 972 375 559 593 53 270 594 200 594 579 338 151 676 957 705 402 409 423 496 373 312 67 301 394 853 451 249 121 2 753 18 992 588 565 362 9 260 674 810 359 105 732 737 345 857 816 962 737 331 149 390 755 172 305 560 897 211 767 324 329 228 329 350 763 987 871 343 739 572 650 304 461 237 295 131 117 933 207 693 547 579 422 44 266 510 332 773 637 637 774 494 952 131 25 157 392 565 199 975 518 427 123 60 53 809 272 613 476 260 807 913 772 803 731 187 250 684 52 967 276 735 172 585 240 614 22 932 798 646 191 674 461 230 945 277 950 117 553 502 116 888 670 469 49 613 982 903 672 698 56 773 713 215 555 121 963 523 413 581 59 746 637 702 518 649 255 683 499 387 189 495 17 605 97 169 208 301 79 593 838 845 640 591 708 228 348 841 981 718 844 155 476 978 775 960 842 524 852 951 72 836 838 631 151 321 801 372 576 484 690 323 564 691 727 353 461 877 506 776 876 322 157 651 893 929 938 904 969 229 884 984 603 911 632 927 117 948 372 402 861 127 404 533 116 854 553 559 633 509 177 764 324 158 988 959 429 336 383 778 275 842 315 238 116 30 582 39 559 895 333 690 793 185 167 827 776 650 581 682 557 721 945 41 259 951 90 596 252 762 151 827 173 698 269 983 933 632 880 240 996 222 995 739 965 776 845 152 718 577 793 538 978 320 743 232 605 834 510 452 276 388 986 311 340 96 112 689 190 104 114 758 109 26 886 94 215 706 616 621 38 797 507 13 990 402 114 589 997 171 326 7 313 700 911 184 242 844 682 799 881 878 98 250 114 76 698 437 391 513 197 326 223 75 107 148 147 135 507 263 353 811 124 342 557 3 974 624 940 239 121 977 773 645 318 753 139 582 629 423 594 122 603 967 912 194 708 562 30 991 800 995 182 292 93 63 188 35 349 391 156 327 766 681 534 783 483 738 141 434 780 210 65 437 659 826 716 596 295 17 607 132 749 560 686 576 216 242 947 72 344 679 926 323 878 343 268 358 576 263 337 513 143 256 381 609 774 650 197 18 825 479 517 557 6 418 65 189 842 184 836 693 869 226 505 21 337 99 499 828 536 755 292 857 985 536 546 948 876 840 613 300 849 292 791 525 128 948 526 127 868 771 589 120 99 684 696 226 384 707 469 238 366 432 382 962 194 978 636 397 949 270 289 353 370 458 899 581 530 228 711 875 301 49 932 38 537 452 920 918 511 592 458 535 784 102 809 834 79 764 590 788 586 166 382 928 65 313 6 932 347 868 779 801 848 68 262 471 815 568 698 400 331 625 935 271 128 721 370 141 901 246 838 492 322 784 601 35 104 727 939 282 734 20 994 794 121 34 321 690 128 584 482 108 417 661 409 510 818 890 523 189 746 656 356 108 567 460 191 155 921 163 821 946 639 307 339 549 446 544 243 261 189 208 739 727 484 569 806 340 56 634 14 215 272 411 330 936 633 989 812 79 793 438 306 655 19 183 651 773 426 45 338 656 946 507 994 500 313 409 198 715 873 788 590 411 49 892 543 680 759 422 76 346 964 889 393 496 361 348 934 849 501 255 55 572 574 913 51 950 953 723 246 173 942 418 11 406 2 55 811 316 173 337 737 251 324 678 821 110 559 849 195 472 884 731 847 905 255 481 145 110 423 748 107 650 911 517 283 782 901 160 214 623 294 686 632 991 905 43 241 21 649 868 775 96 366 298 8 648 651 500 977 21 478 944 275 287 314 860 640 383 725 997 875 705 768 795 172 20 195 769 924 474 551 723 325 200 201 772 854 953 154 27 938 100 602 957 439 174 846 165 674 954 238 667 597 929 128 811 90 461 342 941 716 277 621 782 86 151 594 314 156 984 962 491 41 75 146 564 4 155 983 426 671 947 294 885 458 843 392 66 556 444 372 226 878 473 225 157 441 423 789 968 817 452 321 452 876 736 207 186 403 27 168 943 912 364 576 366 844 873 478 686 817 392 631 983 812 734 646 352 45 527 385 902 821 283 811 578 749 189 485
231
39 82 134 105 128 74 155 25 186 157 76 155 44 175 109 132 73 31 189 83 96 215 194 196 63 78 85 102 113 146 126 121 110 31 91 124 95 53 104 231 200 194 10 113 118 35 184 38 156 61 230 53 37 63 56 87 156 152 41 122 134 168 194 16 151 198 5 215 16 181 150 130 117 150 173 141 101 215 125 227 158 180 178 222 7 84 78 32 144 173 35 23 16 29 34 50 34 221 79 176 52 202 69 205 98 124 124 160 216 17 145 203 62 118 44 109 83 167 11 108 10 133 72 35 219 22 15 206 187 112 102 64 142 107 79 165 209 28 26 155 201 122 225 172 47 170 27 216 71 97 68 155 150 111 58 40 68 70 170 156 131 227 180 51 123 73 84 92 147 153 202 94 90 165 230 43 135 23 92 98 56 185 58 64 122 185 218 203 203 208 208 199 199 42 188 14 161 176 103 72 42 35 41 84 58 123 92 120 101 79 3 178 223 103 78 125 150 61 91 78 49 153 54 4 62 55 172 30 36 14 197
100
85 54 51 2 96 57 11 84 1 88 71 81 10 45 35 14 36 10 39 74 92 83 29 67 61 97 64 4 34 51 86 36 38 66 72 61 70 67 37 84 69 41 32 27 21 94 12 70 91 49 16 11 3 47 50 23 8 56 82 65 89 1 80 99 52 97 28 22 1 30 19 46 76 72 15 57 12 100 56 90 63 40 44 5 58 98 47 31 78 75 22 49 63 8 40 42 17 33 59 73
571
199 27 331 542 216 493 169 378 520 233 203 343 402 221 320 139 174 251 82 135 56 260 431 531 432 557 28 227 191 561 532 571 150 37 550 324 361 222 206 564 253 339 332 255 152 241 230 443 202 275 285 94 175 134 352 205 141 40 404 258 452 453 43 183 330 89 468 369 376 527 290 437 483 209 365 451 2 484 179 5 335 428 77 438 256 412 336 86 513 462 228 162 492 389 316 214 293 211 424 391 99 26 314 173 106 270 235 430 265 145 390 226 254 338 196 238 54 34 345 553 168 480 523 526 65 426 50 287 100 496 350 190 353 182 445 167 1 344 325 551 259 501 341 525 398 133 244 127 303 138 300 250 317 312 419 342 450 463 49 229 471 147 194 408 129 467 566 291 136 76 272 519 151 163 81 476 401 58 307 394 322 60 170 554 403 103 252 48 210 87 115 420 364 17 249 217 422 137 302 504 92 159 18 91 189 540 105 568 13 486 188 296 360 160 333 267 508 71 310 377 543 55 59 84 455 558 524 204 6 154 120 240 185 184 395 417 446 474 548 220 545 458 507 102 264 536 477 7 565 271 42 485 112 386 44 286 447 132 213 415 274 225 223 248 41 313 304 479 368 346 348 158 533 362 46 186 201 32 407 246 117 110 38 318 51 490 234 494 319 218 277 24 97 268 114 113 491 171 116 90 444 10 149 549 237 295 23 433 192 449 107 47 83 31 176 126 247 328 80 522 570 292 57 3 16 421 440 144 406 298 123 178 212 538 399 70 140 306 11 528 243 327 354 148 405 155 309 559 337 142 514 382 505 297 242 466 473 143 416 488 118 53 193 85 75 373 392 497 68 423 537 547 122 512 521 9 370 434 93 128 22 289 387 442 219 166 101 495 20 375 502 69 124 25 359 66 516 73 261 224 326 281 198 4 119 498 257 98 539 14 371 510 108 315 569 311 518 305 207 30 460 509 187 384 396 567 517 278 552 457 111 367 308 8 356 475 131 400 294 156 177 499 164 321 165 29 288 435 427 157 64 489 465 61 262 208 413 62 79 441 355 366 125 530 461 448 215 33 544 236 95 15 357 429 529 487 374 146 439 555 515 340 409 78 232 349 172 269 411 546 12 363 195 279 380 130 323 464 436 263 72 52 556 397 478 535 358 418 35 239 351 299 425 511 39 200 231 470 414 180 459 109 36 266 284 393 273 482 372 329 181 506 347 381 563 280 560 334 282 481 88 500 301 469 67 379 383 541 283 197 21 153 385 388 104 276 121 562 45 454 74 472 503 63 96 245 161 456 534 410 19
997
659 956 912 237 919 147 111 720 458 865 44 697 26 49 276 169 382 408 74 814 705 802 80 17 258 36 313 27 663 763 770 270 333 908 184 415 895 565 514 116 899 744 579 795 625 237 5 568 380 276 798 153 740 788 21 751 954 416 200 502 193 9 952 58 722 408 247 666 39 909 443 972 654 171 687 270 462 848 390 745 976 888 277 336 27 699 926 660 942 667 929 144 840 522 538 115 428 225 331 828 8 155 43 603 190 966 498 738 526 226 419 49 66 92 803 583 37 876 352 230 261 261 601 197 909 224 361 995 959 610 64 636 30 668 525 440 843 782 250 951 757 827 236 73 899 753 335 593 409 805 331 43 623 645 907 872 808 398 492 638 721 23 718 718 757 686 950 468 142 348 704 791 5 498 2 816 453 791 964 810 130 189 288 557 13 308 125 508 494 988 311 647 661 831 381 844 917 504 524 59 251 174 251 751 3 288 521 967 775 629 21 168 754 103 956 672 916 169 873 958 29 565 539 925 904 252 632 934 471 881 452 464 770 211 392 322 642 496 299 189 246 930 980 118 449 370 739 104 415 139 201 126 607 607 271 903 978 240 266 734 446 913 267 40 326 432 369 45 193 802 183 834 230 590 867 497 46 576 856 509 671 328 261 381 559 277 872 726 362 18 38 883 562 877 165 69 373 507 847 696 322 41 353 544 890 425 98 692 854 745 617 923 730 938 845 229 733 290 388 585 606 301 191 405 383 852 736 610 926 214 99 50 301 100 34 320 650 503 841 242 40 300 441 347 33 960 45 637 664 678 205 263 574 88 870 412 591 390 337 702 127 304 879 811 708 321 882 664 433 186 29 848 714 563 591 887 836 478 519 737 349 358 866 677 347 622 202 956 602 445 601 737 436 173 27 555 63 466 832 130 735 518 696 755 203 940 490 66 575 992 59 943 88 150 977 635 582 278 600 379 888 845 1 204 315 227 882 421 47 361 501 354 7 605 115 937 917 723 307 167 679 479 725 35 105 549 656 342 703 374 257 488 394 212 487 691 815 89 655 784 595 346 223 761 754 939 216 460 809 566 675 905 729 971 536 970 863 108 66 609 721 387 71 705 209 306 352 670 948 886 904 291 435 48 849 818 97 174 687 171 148 754 968 463 124 728 633 626 608 850 771 334 984 389 489 760 941 581 379 778 743 72 996 127 787 160 134 10 470 289 21 45 711 815 212 521 188 411 897 42 67 898 819 871 208 115 372 92 447 114 581 210 67 344 296 320 849 298 548 351 8 406 343 974 543 515 65 780 494 997 485 869 143 399 172 414 928 624 947 72 14 892 403 235 777 11 954 552 214 901 816 813 851 969 531 477 423 250 185 329 738 790 439 709 278 570 338 554 693 328 743 156 40 636 27 769 508 779 127 906 221 136 381 387 611 525 166 262 641 754 187 245 701 991 833 309 594 619 127 808 674 662 361 303 366 483 921 174 473 12 153 693 838 657 572 80 201 592 372 465 962 571 19 643 221 248 854 820 156 107 708 527 649 706 773 328 713 602 936 966 377 314 934 987 824 467 985 658 598 891 356 491 538 25 370 300 742 143 419 186 838 542 56 530 21 256 271 477 679 965 767 432 681 438 327 330 872 396 113 560 403 275 964 114 61 621 386 437 448 807 557 85 589 691 457 279 880 108 198 523 476 920 521 164 977 616 420 62 46 717 56 927 971 465 391 3 649 345 682 906 137 155 647 101 181 779 910 169 455 20 255 193 318 553 644 558 862 470 913 469 250 283 395 77 358 752 882 359 452 170 265 834 951 155 597 443 459 799 513 963 758 989 868 737 427 657 424 727 340 631 423 52 154 157 826 11 682 109 598 410 853 341 910 140 669 51 658 578 965 75 946 646 139 272 384 6 576 653 241 426 175 597 765 599 748 480 505 16 60 730 194 404 567 298 54 461 603 674 735 760 475 292 452 577 627 53 786 486 653 971 451 533 33 273 589 616 104 201 435 519 58 427 588 123 444 278 846 528 382 56 822 859 460 509 253 242 684 517 747 817 266 374 855 225 297 393 129 982 800 200 502 511 797 339 450 680 484 503 260 981 922 378 320 679 564 212 83 244 810 417 137 944 693 128 686 328 151 979 41 219 405 741 694 689 151 84 233 363 431 955 375 829 26 540 81 719 91 866 957 217 531 830 15 949 698 762 545 864 24 472 906 228 63 99 715 220 745 774 861 573 453 76 358 587 317 403 520 117 824 72 201 835 498 775 821 561 522
996
950 709 19 633 786 938 968 261 269 743 130 762 902 133 892 963 352 761 191 170 721 287 776 905 797 937 842 385 332 824 509 319 546 811 253 476 367 212 990 657 910 70 625 221 983 954 336 351 492 459 186 117 210 589 925 678 846 880 144 417 958 668 982 701 310 269 322 875 560 289 223 375 920 378 390 950 410 170 13 553 340 280 203 152 187 854 602 916 409 260 85 80 707 793 247 313 446 901 152 671 592 281 339 132 785 712 806 460 511 165 858 667 932 512 965 994 216 751 59 945 243 271 722 659 286 884 940 442 643 434 589 864 154 138 754 508 227 714 639 52 800 684 58 294 946 906 661 289 528 983 358 660 574 159 475 829 338 788 151 917 197 854 228 871 593 952 300 889 708 253 960 42 944 95 338 500 537 664 447 880 380 140 598 308 160 326 844 66 955 158 830 182 93 869 283 425 900 780 782 663 47 622 94 337 569 332 648 347 594 350 710 320 180 83 767 744 448 247 480 649 996 327 282 194 879 612 979 229 858 112 857 172 85 101 977 654 596 571 126 839 33 847 522 439 757 345 720 728 550 704 472 302 330 770 88 982 732 929 641 90 597 703 285 946 554 523 471 802 66 381 859 56 874 93 257 578 214 810 740 482 222 988 14 662 204 278 209 291 580 164 499 497 168 525 3 758 520 135 461 494 302 252 284 40 923 299 880 2 303 420 64 752 965 184 24 591 221 374 733 987 246 749 126 692 390 524 763 532 857 734 211 206 956 696 540 486 201 921 511 149 556 413 314 676 835 993 32 79 581 206 67 688 293 824 386 284 736 128 55 304 35 673 566 608 806 60 111 412 758 700 769 717 891 760 654 445 931 406 306 968 115 423 609 587 827 622 198 233 502 745 465 886 613 232 848 272 826 501 220 587 34 865 473 4 276 989 224 540 967 535 137 246 369 959 448 632 477 109 405 310 769 158 699 308 298 124 772 481 614 761 139 212 403 237 870 95 134 576 628 536 417 582 372 909 672 745 297 800 730 833 556 466 700 458 865 889 421 919 934 762 755 65 684 444 739 703 786 28 573 550 290 175 534 288 881 247 679 649 171 411 84 443 401 104 503 489 527 29 179 636 903 711 687 872 676 705 989 207 851 853 696 938 1 658 815 16 638 10 810 268 339 312 564 129 606 62 844 296 319 773 927 819 393 485 956 383 791 467 930 169 973 698 907 490 301 185 748 922 374 890 698 77 561 358 675 914 45 169 109 514 394 984 80 17 327 295 462 513 136 241 31 311 579 681 703 898 426 122 822 549 143 812 163 620 652 120 240 515 86 636 639 366 484 869 728 26 567 833 262 808 50 103 674 119 333 876 724 87 542 51 267 391 693 422 507 924 534 215 969 107 252 573 761 779 49 526 937 381 422 255 933 142 232 152 680 121 106 235 632 410 547 200 985 802 768 490 199 487 462 836 127 141 973 959 330 694 316 765 396 669 300 832 126 599 527 14 911 479 990 815 20 363 90 61 673 956 656 504 449 521 21 29 343 359 839 371 885 56 214 665 563 73 96 142 398 795 95 146 728 287 714 377 250 176 801 100 413 541 234 57 568 5 262 173 354 46 395 766 590 224 110 725 436 759 462 324 847 898 136 792 980 847 795 933 248 118 635 258 774 953 983 706 105 82 553 496 243 278 588 75 660 928 647 446 390 125 746 912 572 604 399 62 91 98 204 453 527 510 53 611 613 9 189 717 966 873 41 321 637 972 512 99 790 423 364 177 837 183 244 156 725 825 735 552 913 9 459 254 600 862 328 341 440 764 814 586 629 421 841 275 805 268 7 188 470 481 81 952 177 509 333 360 995 198 505 148 570 120 640 814 423 784 144 491 678 896 265 201 463 695 65 747 436 648 540 161 647 728 915 553 819 211 958 376 452 761 435 116 884 564 466 894 505 855 615 588 400 229 849 798 858 545 658 92 530 769 251 835 634 468 205 23 329 750 981 539 626 303 992 266 600 16 601 389 155 885 739 1 392 964 978 651 983 618 473 646 610 991 753 102 418 682 390 680 68 883 296 638 431 230 986 971 48 202 79 131 813 427 147 353 926 783 754 379 559 558 612 939 543 622 867 530 553 775 326 744 803 778 727 943 839 825 429 37 260 562 252 155 716 273 568 274 483 541 15 525 834 188 63 419 182 241 756 455 313 818 178 683 629 844 71 208 716 370 11 454 685 484 680 742 145 291 433 114 877 315 226 480 852 976 420 697 956 259 4 8
50
39 40 33 39 13 46 30 30 24 17 32 49 43 27 20 30 26 30 40 9 17 16 40 30 8 16 37 36 41 4 38 9 31 30 34 16 4 19 47 32 25 23 2 19 21 44 50 37 25 23
980
951 252 473 841 272 620 463 856 660 191 236 243 793 67 172 498 279 716 924 505 812 850 715 153 242 762 550 97 863 631 130 897 972 388 687 370 169 459 284 149 308 338 900 388 159 420 711 759 594 677 754 157 929 440 201 692 320 385 114 567 474 538 260 901 80 627 582 264 53 535 60 834 56 781 722 895 208 348 539 493 342 833 910 757 632 531 577 627 223 767 817 391 554 418 107 955 49 975 270 875 55 641 67 487 591 369 342 230 249 4 289 176 157 378 148 752 889 651 761 876 313 657 747 691 898 210 560 807 9 818 6 75 455 499 947 976 638 59 936 280 915 614 716 278 607 433 140 598 816 371 761 287 659 158 609 772 386 430 164 832 639 487 867 442 203 651 934 101 605 43 706 8 87 874 592 361 556 186 122 495 550 150 492 529 758 738 502 422 397 416 48 450 571 393 501 17 257 89 71 391 319 289 384 604 895 144 302 845 198 408 528 13 24 784 176 844 619 615 326 875 262 977 563 649 315 647 792 737 367 208 376 866 182 427 782 228 467 790 49 181 423 770 366 932 373 338 854 544 913 184 503 797 952 167 409 281 413 926 299 465 394 115 570 588 177 219 471 943 794 231 414 974 298 91 348 549 509 93 866 957 954 483 825 818 374 227 358 397 271 265 917 829 59 277 949 189 172 666 292 306 772 259 783 290 79 783 405 743 110 766 953 30 10 948 142 884 578 404 520 438 576 782 629 857 716 663 910 171 31 146 880 695 96 653 778 623 642 479 75 940 873 697 8 587 859 842 940 53 377 479 305 450 224 608 296 815 933 309 749 618 561 543 24 814 804 57 585 502 516 216 399 863 548 448 937 215 911 670 534 174 300 678 916 731 469 717 708 591 714 366 878 644 928 680 672 248 861 593 26 412 600 403 691 295 541 890 527 821 513 381 652 699 61 117 292 274 910 85 814 740 40 214 882 869 908 978 317 93 909 65 956 200 769 945 327 732 410 486 323 655 604 340 879 396 674 368 963 475 980 227 329 583 96 222 213 756 782 690 867 682 293 205 312 614 260 444 298 633 946 365 394 23 37 780 268 393 527 733 689 56 308 803 643 839 812 78 883 79 425 672 226 674 727 628 84 442 394 432 644 810 870 763 400 362 102 654 500 21 427 923 163 20 701 35 975 774 887 421 899 477 246 328 599 468 664 617 453 624 354 902 892 764 601 466 973 442 514 925 790 253 291 184 902 506 300 553 759 621 385 764 669 938 835 860 443 109 540 95 264 285 568 393 246 304 921 137 179 129 927 675 668 204 546 152 68 625 965 676 935 18 843 86 851 552 64 482 133 175 569 47 168 522 760 749 434 671 412 375 855 435 979 627 356 814 36 530 685 220 742 211 790 165 195 462 510 145 507 807 750 28 560 863 672 47 218 832 671 307 903 673 461 62 912 610 620 135 647 311 515 429 242 418 335 542 45 716 498 345 206 518 353 643 681 12 437 121 289 512 460 868 878 136 314 779 565 77 584 970 801 70 736 566 718 871 524 686 362 458 882 155 620 322 17 853 658 863 188 326 533 66 537 557 573 894 508 555 240 690 424 364 914 693 315 187 907 247 649 389 18 755 626 233 9 650 276 662 387 853 964 843 953 32 947 858 574 277 351 452 192 764 725 321 273 833 758 710 229 115 616 595 795 341 22 30 54 400 406 846 789 257 618 95 941 481 564 640 587 470 336 950 11 696 494 798 412 581 571 19 194 702 954 3 575 788 357 836 719 120 519 806 147 688 356 382 761 943 245 771 534 451 214 15 848 777 645 339 7 170 973 321 330 271 255 34 892 178 824 391 803 729 436 50 283 630 785 67 511 72 478 145 1 116 394 827 885 46 439 311 324 454 958 258 551 526 872 849 267 721 751 473 190 600 349 5 489 346 642 106 887 183 244 296 134 941 249 484 90 125 813 569 939 501 325 199 30 598 656 74 447 173 104 748 636 930 728 52 118 967 180 46 369 694 334 667 525 773 331 523 139 877 411 449 400 726 612 212 446 830 811 380 579 19 634 298 725 404 269 431 741 241 89 94 301 263 154 173 896 758 515 459 613 133 747 960 441 695 237 398 207 586 165 907 859 199 252 73 787 776 796 852 491 667 712 695 775 891 51 978 739 665 472 972 254 185 831 942 404 456 77 141 75 774 126 116 403 785 161 324 6 837 940 703 886 833 745 99 619 724 251 310
10
9 5 10 9 6 4 5 6 1 2
10
8 10 10 2 6 10 8 5 2 2
200
64 36 87 137 85 105 120 34 160 156 187 184 78 147 46 82 143 92 121 118 60 130 9 129 172 84 55 135 35 191 40 1 19 39 23 186 61 26 2 147 43 46 118 99 84 192 8 148 114 8 39 80 6 194 164 71 74 90 118 80 4 38 80 126 152 22 146 17 39 135 103 172 197 132 155 99 35 106 190 174 199 196 105 129 18 95 66 5 68 141 158 67 192 111 78 167 199 8 111 92 77 105 150 162 72 15 8 118 87 45 75 92 87 142 157 95 7 86 28 173 80 83 3 156 69 152 7 75 85 106 181 38 106 93 19 131 13 31 8 33 78 163 18 35 48 75 108 112 86 176 49 84 16 74 170 144 116 65 165 132 51 159 79 58 157 158 134 81 175 47 70 114 136 84 195 41 128 128 189 147 194 125 85 7 2 72 178 193 128 70 157 46 38 100 148 69 71 99 82 56
